[-1.3087967932483255, 0.038599599156040706, 1.0433647706427687, -1.0, 0.0, 1.0874000000000001, -1.4, 0.05, 0.6438, 0.699128775989403]
[-1.3092365165966195, 0.032288318488169335, 1.0414137923684774, -1.0, 0.0, 1.0874000000000001, -1.4087121004281578, 0.0426748645788034, 0.6438, 0.520084329362217]
[-1.3072882501041794, 0.006386348129598187, 1.0216912798361588, -1.0, 0.0, 1.0874000000000001, -1.466307929078205, 0.00969124191880804, 0.6438, 0.39664977967128484]
[-1.3082508493576293, 0.009965381540059316, 1.0268475843494553, -1.0, 0.0, 1.0874000000000001, -1.454374878197882, 0.014689396745572746, 0.6438, 0.3148646227602358]
[-1.3096795497763523, 0.016993179395940253, 1.0364657452755364, -1.0, 0.0, 1.0874000000000001, -1.427458338493965, 0.023456105627678747, 0.6438, 0.25145142486626354]
[-1.3104380469394477, 0.028773818749463984, 1.0475907502325916, -1.0, 0.0, 1.0874000000000001, -1.38121932321628, 0.03533437933324756, 0.6438, 0.2027923371234956]
[-1.3094036371171227, 0.04352679202122403, 1.0533515387235435, -1.0, 0.0, 1.0874000000000001, -1.3283879583035811, 0.046197499475158, 0.6438, 0.16699158907937525]
[-1.3076560103591348, 0.054643766017724776, 1.0535425322039031, -1.0, 0.0, 1.0874000000000001, -1.2933520664075306, 0.05210319687355355, 0.6438, 0.1523150413740639]
[-1.3048046373010225, 0.06753652970378352, 1.0511034404431279, -1.0, 0.0, 1.0874000000000001, -1.2589704714436725, 0.057380908279597284, 0.6438, 0.16134820826159407]
[-1.3006611010322022, 0.08213254571521936, 1.0468828769422132, -1.0, 0.0, 1.0874000000000001, -1.2283171913236204, 0.06237013065025715, 0.6438, 0.22333340393955137]
[-1.2945745260706558, 0.0997283587001185, 1.0419622066020282, -1.0, 0.0, 1.0874000000000001, -1.201929539728556, 0.06836335048662368, 0.6438, 0.23404031215928667]
[-1.2812566077723408, 0.11468149769844847, 1.0368037157109193, -0.9888268156424581, 0.0111956402168186, 1.0874000000000001, -1.1711243503480246, 0.07570759215039997, 0.6438, 0.2946450200719816]
[-1.2690229979322272, 0.12663235401065084, 1.032845498067991, -0.9776536312849162, 0.022170932489918894, 1.0874000000000001, -1.1472175376463332, 0.08296279587603865, 0.6438, 0.3460814739630031]
[-1.259342654154502, 0.13186697020885313, 1.0309722915190334, -0.9664804469273743, 0.03270986567234996, 1.0874000000000001, -1.1315691737383147, 0.08860550454450654, 0.6438, 0.38910606835098377]
[-1.2494980194400245, 0.13688953639782375, 1.0295491743169691, -0.9553072625698324, 0.0426050168556617, 1.0874000000000001, -1.1172100832650902, 0.09449287986804633, 0.6438, 0.4245573054232687]
[-1.2391606843433636, 0.14256391940442079, 1.028403676149192, -0.9441340782122905, 0.05166163378149296, 1.0874000000000001, -1.1034023483742428, 0.1007346648652806, 0.6438, 0.4532090212205225]
[-1.2343814500847512, 0.1293730778369293, 1.0319382552646952, -0.9329608938547486, 0.05970146787468379, 1.0874000000000001, -1.1056812802979, 0.09962478160965701, 0.6438, 0.48442348089215]
[-1.2230773618594954, 0.13642396567452905, 1.031463075194861, -0.9217877094972067, 0.06656628245774526, 1.0874000000000001, -1.093045265471103, 0.10627443716446401, 0.6438, 0.5099451262340386]
[-1.2112692231891804, 0.1444858226920092, 1.0312344385090206, -0.9106145251396648, 0.07212096709946571, 1.0874000000000001, -1.0808499831712808, 0.11309509605496844, 0.6438, 0.5306279136090575]
[-1.1978436132204207, 0.15696501986770353, 1.0305963049995615, -0.8994413407821229, 0.0762561968023369, 1.0874000000000001, -1.0665869933145935, 0.1214640593777468, 0.6438, 0.5393726811747287]
[-1.1840385759884944, 0.1687228576842835, 1.030527233721614, -0.888268156424581, 0.07889058369177694, 1.0874000000000001, -1.0537464183395477, 0.12915013504014647, 0.6438, 0.5446704565892352]
[-1.1686117929289104, 0.18274887792150268, 1.030484238337544, -0.8770949720670391, 0.07997227885849571, 1.0874000000000001, -1.0400750302923236, 0.13743220886108504, 0.6438, 0.5469377672083382]
[-1.1499397849954553, 0.20132217699878757, 1.03019205069091, -0.8659217877094972, 0.07947999282720636, 1.0874000000000001, -1.0239283169010296, 0.14726393902548307, 0.6438, 0.5465700323110225]
[-1.1256535913939063, 0.22595330334371067, 1.0296605014518312, -0.8547486033519553, 0.07742341456724114, 1.0874000000000001, -1.0041161256634765, 0.1593175932147594, 0.6438, 0.5442912899249697]
[-1.090058854419055, 0.2598916310808939, 1.0289506989671444, -0.8435754189944134, 0.07384302079827872, 1.0874000000000001, -0.9778653207467458, 0.17520662584494776, 0.6438, 0.5421094768315239]
[-1.0680587457988753, 0.26907048102560444, 1.0313112312729609, -0.8324022346368715, 0.06880927934434823, 1.0874000000000001, -0.9660084617318223, 0.1823480203627957, 0.6438, 0.5457775260354455]
[-1.0325834224506192, 0.2886587926035244, 1.0332668372385296, -0.8212290502793296, 0.06242126221536632, 1.0874000000000001, -0.9451184704955129, 0.1950347311156594, 0.6438, 0.5511149747553225]
[-1.0105402654461841, 0.2914529547809921, 1.036526656079079, -0.8100558659217877, 0.054804695712960046, 1.0874000000000001, -0.9344247412357011, 0.20160752866178128, 0.6438, 0.5576123495868655]
[-0.9443478856305146, 0.3206123058054738, 1.0397285582179088, -0.7988826815642458, 0.04610948593758428, 1.0874000000000001, -0.89448398987758, 0.22651571338593826, 0.6438, 0.5487068028301376]
[-0.9046936723264262, 0.3249307935054031, 1.0436875924081785, -0.7877094972067039, 0.03650676839887476, 1.0874000000000001, -0.8706791956330135, 0.24106823431973903, 0.6438, 0.5332650943452991]
[-0.8712823797964084, 0.3231669951726445, 1.0472790824855596, -0.776536312849162, 0.02618553979758145, 1.0874000000000001, -0.849145729426467, 0.2537796855907785, 0.6438, 0.5117764686132125]
[-0.8422457960880423, 0.3178197997500123, 1.0501854405123827, -0.7653631284916201, 0.015348938270952161, 1.0874000000000001, -0.8288636661248457, 0.26517198529928754, 0.6438, 0.48441843408228646]
[-0.8160528154636171, 0.31035236584790615, 1.0522648716864582, -0.7541899441340782, 0.0042102453122328165, 1.0874000000000001, -0.8090319804264038, 0.2756082079320018, 0.6438, 0.4505129592133987]
[-0.7918329370581703, 0.30161420826735413, 1.053462422544, -0.7430167597765363, -0.007011311947154756, 1.0874000000000001, -0.7892341524390248, 0.2851841773087108, 0.6438, 0.408312465198849]
[-0.7693971528207995, 0.29213900416656063, 1.053797041769793, -0.7318435754189945, -0.01809487547501792, 1.0874000000000001, -0.7695843203531321, 0.29368521255044056, 0.6438, 0.3551339130829037]
[-0.7505113634978687, 0.28220556002532654, 1.0534047836876175, -0.7206703910614525, -0.028822303174510254, 1.0874000000000001, -0.7522302362256003, 0.3001211040208153, 0.6438, 0.28667776421150015]
[-0.7367669114852868, 0.27218855454267255, 1.0525653684665288, -0.7094972067039106, -0.03898246226633624, 1.0874000000000001, -0.7395425853168467, 0.30386140162143904, 0.6438, 0.20041969756632338]
[-0.7326744353499602, 0.2619819373992543, 1.0515828003468084, -0.6983240223463687, -0.0483753847164773, 1.0874000000000001, -0.7373587651395075, 0.3043050381736984, 0.6438, 0.0952710476588645]
[-0.7431704463148164, 0.2502174009409349, 1.050296635769249, -0.6871508379888268, -0.05681620292403615, 1.0874000000000001, -0.7527702641094807, 0.3028323100490243, 0.6438, -0.034234301991316586]
[-0.7766316230879945, 0.23076154630731244, 1.0463261494881393, -0.6759776536312849, -0.06413878820862325, 1.0874000000000001, -0.801803634621183, 0.30451158934457756, 0.6438, -0.18194657938235112]
[-0.759847102833323, 0.2265451182789168, 1.0462380761491017, -0.6648044692737429, -0.07019902048608867, 1.0874000000000001, -0.7837550387589826, 0.30119098556717766, 0.6438, -0.29255536217161665]
[-0.7721979580511633, 0.21231382001854557, 1.0399921091747326, -0.6536312849162011, -0.07487762478019751, 1.0874000000000001, -0.8124602710856362, 0.30983693936954027, 0.6438, -0.25708190160320915]
[-0.768690506401148, 0.2053533150766389, 1.0372602166200653, -0.6424581005586592, -0.0780825187432043, 1.0874000000000001, -0.815590346520719, 0.3106598341723153, 0.6438, -0.3464568270292231]
[-0.7372865429152822, 0.21307142769371076, 1.0449336526202508, -0.6312849162011174, -0.07975062498240017, 1.0874000000000001, -0.7661526064169205, 0.2928119013947111, 0.6438, -0.5046937332372057]
[-0.6841891473775, 0.2259251440243456, 1.0530389912953293, -0.6201117318435754, -0.07984911252317428, 1.0874000000000001, -0.6893103474934041, 0.25036325677057303, 0.6438, -0.5950051117482587]
[-0.6433880349370539, 0.23219204447512884, 1.0535594039928955, -0.6089385474860335, -0.07837604297462882, 1.0874000000000001, -0.6418397251929472, 0.218233762565467, 0.6438, -0.6416926671613422]
[-0.6013098678303074, 0.23678476282890093, 1.050830635005765, -0.5977653631284916, -0.07536040868018404, 1.0874000000000001, -0.6007505975531879, 0.18753286483728507, 0.6438, -0.6339861443709724]
[-0.588728371519359, 0.2410737864056641, 1.0489778046099563, -0.5865921787709497, -0.07086156210230918, 1.0874000000000001, -0.5882990189998742, 0.17837799399915105, 0.6438, -0.6522856957794689]
[-0.535508104595647, 0.24349640922264054, 1.0422193199680823, -0.5754189944134078, -0.06496804767199171, 1.0874000000000001, -0.5479236653094939, 0.14753860007046807, 0.6438, -0.7214796650705149]
[-0.5340845226004529, 0.2513648735225023, 1.0394997674386766, -0.5642458100558658, -0.0577958590939993, 1.0874000000000001, -0.5445068922547639, 0.14453290172139227, 0.6438, -0.7572636756107771]
[-0.537362931129632, 0.26030461591309023, 1.036730709402945, -0.553072625698324, -0.0494861564069286, 1.0874000000000001, -0.5432920177760601, 0.1433845334164874, 0.6438, -0.8441241244596834]
[-0.4909443307910391, 0.2634576848605829, 1.024324122747515, -0.541899441340782, -0.04020248772991762, 1.0874000000000001, -0.5162059360357599, 0.11291452391431116, 0.6438, -0.9896344887756089]
[-0.5612891212037977, 0.2786566696021634, 1.037373062541605, -0.5307262569832403, -0.030127570376449544, 1.0874000000000001, -0.5499725998190877, 0.1643230315713082, 0.6438, -1.1146619483351374]
[-0.5799871201595459, 0.28543123995455555, 1.0407766810335581, -0.5195530726256983, -0.01945969468803013, 1.0874000000000001, -0.5600546890126178, 0.1848717406312283, 0.6438, -1.1066677444481947]
[-0.5898418404547806, 0.2913819450593894, 1.0397141875186247, -0.5083798882681564, -0.008408821365991446, 1.0874000000000001, -0.5619033612171423, 0.1885646435021795, 0.6438, -1.0712057459883118]
[-0.5758144865477962, 0.2987586707859914, 1.0165604549709646, -0.4972067039106145, 0.002807550887882012, 1.0874000000000001, -0.5319857555481491, 0.13374750283424267, 0.6438, -0.9406385574869814]
[-0.5975542373706908, 0.29875076247349325, 1.0149653599638682, -0.4860335195530726, 0.013968666090524051, 1.0874000000000001, -0.5340440618389783, 0.13656958857582946, 0.6438, -0.9210223611020211]
[-0.6290844556587374, 0.29197134303942057, 1.0269997275253768, -0.4748603351955307, 0.02485485580521486, 1.0874000000000001, -0.5561823515424058, 0.16570475189239844, 0.6438, -0.9149941445451408]
[-0.6363490904108801, 0.28596626933300395, 1.0092038948432742, -0.46368715083798884, 0.035251862564574014, 1.0874000000000001, -0.5308764500179018, 0.1328143324797632, 0.6438, -0.7699346977683438]
[-0.6554001130174157, 0.27202015977874805, 1.0095338292240243, -0.45251396648044695, 0.04495505679710018, 1.0874000000000001, -0.5319319846198594, 0.1338377172213207, 0.6438, -0.7316155058361102]
[-0.6696940402424261, 0.25560783532752374, 1.0105744432980386, -0.44134078212290506, 0.05377346426146103, 1.0874000000000001, -0.5323978653004875, 0.13425599937220664, 0.6438, -0.5599497527101471]
[-0.6791497559517291, 0.23835183655152808, 1.0130517686377079, -0.43016759776536306, 0.06153352472224263, 1.0874000000000001, -0.5338646208542697, 0.13517547841829242, 0.6438, -0.47230028859855405]
[-0.670188731777691, 0.22913954566166303, 0.9886754589625104, -0.4189944134078212, 0.0680825078904619, 1.0874000000000001, -0.4835369178232889, 0.10946491111896091, 0.6438, -0.49396457296041985]
[-0.6814245662191293, 0.20993143443746862, 1.014906983039749, -0.4078212290502793, 0.0732915193977205, 1.0874000000000001, -0.5254913145812772, 0.1320569959304606, 0.6438, -0.32621523810097314]
[-0.6599122445852437, 0.21479916594106396, 0.9849117927283024, -0.3966480446927374, 0.07705803764166247, 1.0874000000000001, -0.45836180117066927, 0.10934697951957706, 0.6438, -0.2258842187312864]
[-0.6460001939454222, 0.21448097032412664, 0.9749754024146496, -0.3854748603351955, 0.07930793157359771, 1.0874000000000001, -0.43145153746294296, 0.1031628368639507, 0.6438, -0.10463655096719578]
[-0.6364871612659638, 0.21045735779360444, 0.9732801708707878, -0.3743016759776536, 0.0799969197150323, 1.0874000000000001, -0.4180240952869288, 0.10175268537334343, 0.6438, -0.19116454147205572]
[-0.6247667099902379, 0.20847676250389988, 0.9708043463154081, -0.36312849162011174, 0.0791114416873482, 1.0874000000000001, -0.40306465567437183, 0.09885761908927972, 0.6438, -0.19851203652682786]
[-0.6170254043393549, 0.20122692087095242, 0.9733489617512745, -0.35195530726256985, 0.07666892510154663, 1.0874000000000001, -0.39626306823397367, 0.09748940226774039, 0.6438, -0.09388863921270953]
[-0.5117190641805686, 0.3035983981571984, 0.9598890732223707, -0.34078212290502796, 0.07271744255524204, 1.0874000000000001, -0.35633911237978944, 0.09372994324362571, 0.6438, -0.12633523434959676]
[-0.37253002439390437, 0.35071831801756503, 0.958419255137089, -0.32960893854748596, 0.06733476548774946, 1.0874000000000001, -0.333160852113277, 0.09078603342990729, 0.6438, -0.10362283158096577]
[-0.1812666854723151, 0.3144339279211637, 0.962695968725066, -0.3184357541899441, 0.06062683351489745, 1.0874000000000001, -0.3037872411711264, 0.08773131531561605, 0.6438, -0.1202993811866216]
[-0.1394765514038864, 0.29022430636521146, 0.9681241036707049, -0.3072625698324022, 0.052725669369481344, 1.0874000000000001, -0.2842044572264089, 0.0853640880345658, 0.6438, -0.08789214520275933]
[-0.31744953523790237, 0.3345183465612318, 0.969912168762667, -0.2960893854748603, 0.043786780484636585, 1.0874000000000001, -0.2992414363923909, 0.08668913415595314, 0.6438, -0.23239215675472497]
[-0.39042983381139656, 0.3093010625797249, 0.9785283609336305, -0.2849162011173184, 0.03398609836108628, 1.0874000000000001, -0.30570031671512565, 0.08821774498363218, 0.6438, -0.061266396689454834]
[-0.4991471635878613, 0.22483676771047928, 1.001100423950319, -0.2737430167597765, 0.023516515956368958, 1.0874000000000001, -0.349170008403687, 0.09088431357896015, 0.6438, -0.054460849208869504]
[-0.4807414590651271, 0.22379089106881045, 1.0062993278185803, -0.26256983240223464, 0.012584091245713776, 1.0874000000000001, -0.34311090643622566, 0.09055400310468616, 0.6438, -0.014717480639795241]
[-0.45725493892555674, 0.2260144583930722, 1.0102184457487935, -0.25139664804469275, 0.0014039916745005937, 1.0874000000000001, -0.3329669043033788, 0.09040469817944899, 0.6438, 0.025895052817291667]
[-0.39171073084679187, 0.25399293436342046, 1.008359426797764, -0.24022346368715086, -0.009803740678088278, 1.0874000000000001, -0.2982847829224238, 0.09130299423084506, 0.6438, 0.04357641921243863]
[-0.34433697989088485, 0.2613819382563115, 1.0108730885176758, -0.22905027932960886, -0.02081851987593787, 1.0874000000000001, -0.2752650825391538, 0.09230674577785754, 0.6438, -0.023010137651382857]
[-0.28969678224553796, 0.26533255039074966, 1.01281960741834, -0.21787709497206698, -0.0314235576068338, 1.0874000000000001, -0.2476680820912989, 0.09167162290442447, 0.6438, -0.08923464666745207]
[-0.2436248090970737, 0.26220637796707663, 1.0150235211189236, -0.2067039106145251, -0.04141012992004174, 1.0874000000000001, -0.22261456129348822, 0.08943002749791062, 0.6438, -0.15233847003643752]
[-0.1815364750881033, 0.25526949129876275, 1.0163809178593666, -0.1955307262569832, -0.05058168524446862, 1.0874000000000001, -0.1893580930983901, 0.08432422998931745, 0.6438, -0.20215308664647402]
[-0.17849866795852767, 0.24795901389279423, 1.0190259228488465, -0.1843575418994413, -0.05875771283510117, 1.0874000000000001, -0.18165456379353115, 0.08274537178524595, 0.6438, -0.24895503759648366]
[-0.20588198239130268, 0.2400790132679829, 1.022845565548718, -0.17318435754189943, -0.06577729551056449, 1.0874000000000001, -0.1892691531526034, 0.08468122214479495, 0.6438, -0.2940532547973973]
[-0.1979633709532396, 0.23423506318325685, 1.024023271289946, -0.16201117318435754, -0.07150227675829246, 1.0874000000000001, -0.18004872387531162, 0.08188897783179866, 0.6438, -0.3326236046287247]
[-0.22068620512120188, 0.22475914904585334, 1.0277518207492427, -0.15083798882681565, -0.07581997987366337, 1.0874000000000001, -0.18813538170495334, 0.08468258590061024, 0.6438, -0.3771381172048759]
[-0.23184369838211705, 0.21636284939854286, 1.030324080447584, -0.13966480446927376, -0.07864542561613055, 1.0874000000000001, -0.191060660012128, 0.08584128290694448, 0.6438, -0.3268764572967938]
[-0.1845642276430993, 0.2229559361622727, 1.0249123918486138, -0.12849162011173176, -0.07992300473536242, 1.0874000000000001, -0.15704483893519455, 0.07430860737617799, 0.6438, -0.289101112593203]
[-0.13604337141138526, 0.22687947696107344, 1.0204127121089552, -0.11731843575418988, -0.07962757244942519, 1.0874000000000001, -0.12616143668602506, 0.06512283000286422, 0.6438, -0.26748819646152644]
[-0.1365243609635055, 0.2275377289868031, 1.019195313386917, -0.10614525139664799, -0.07776494333394418, 1.0874000000000001, -0.12020073665757675, 0.06348926548786751, 0.6438, -0.2230921068940654]
[-0.09830820659588886, 0.2315297297282413, 1.015305411351258, -0.0949720670391061, -0.07437177688203972, 1.0874000000000001, -0.09641672333049271, 0.05809342423172463, 0.6438, -0.21279321066487314]
[-0.06054082218668036, 0.2345495337491634, 1.011318459486239, -0.08379888268156421, -0.06951485598740004, 1.0874000000000001, -0.07440188883054488, 0.05333680447938529, 0.6438, -0.1810780527919113]
[-0.021569740442790638, 0.23632986730390843, 1.007363434014797, -0.07262569832402233, -0.06328977255108745, 1.0874000000000001, -0.053407219514993304, 0.04949302696321894, 0.6438, -0.16187386741997636]
[-0.02092516712023812, 0.24423768749350752, 1.0030911505382316, -0.06145251396648044, -0.05581904608141976, 1.0874000000000001, -0.04736181560298213, 0.048505796037578486, 0.6438, -0.14824982119429606]
[0.009572856686703754, 0.24813041138821787, 0.9982215853152939, -0.05027932960893855, -0.047249712315861836, 1.0874000000000001, -0.03136082897215683, 0.04611612011753841, 0.6438, -0.081904812488353]
[0.016798777860236355, 0.25673806135629174, 0.9928713805983413, -0.03910614525139666, -0.03775042932467234, 1.0874000000000001, -0.02331058995377423, 0.04545528730101252, 0.6438, -0.050707796298616964]
[-0.0053752180566522655, 0.26939681100765, 0.9867864869840766, -0.027932960893854664, -0.027508158052769786, 1.0874000000000001, -0.022393005629656754, 0.04540871877213197, 0.6438, 0.023993403753659572]
[-0.034348203028988424, 0.2784498796127986, 0.9808766009909633, -0.016759776536312776, -0.016724482632018277, 1.0874000000000001, -0.020464837382107637, 0.04545499101976659, 0.6438, 0.10665251502319421]
[0.02138442734818092, 0.2870030274167766, 0.9758934519954628, -0.005586592178770888, -0.005611642886016292, 1.0874000000000001, -0.0006844635807476832, 0.047572653097868484, 0.6438, 0.09138869926613022]
[0.061328068842081404, 0.29201074932185855, 0.9705542423948169, 0.005586592178770999, 0.005611642886016356, 1.0874000000000001, 0.01401560623495655, 0.048919825983097666, 0.6438, 0.08558131527311735]
[0.084805762945772, 0.2979455448284962, 0.9646443508581161, 0.016759776536312776, 0.016724482632018197, 1.0874000000000001, 0.024773273739175577, 0.049842735657802964, 0.6438, 0.07761774377176521]
[0.15504774330218604, 0.2851384189009168, 0.9599128595933673, 0.027932960893854775, 0.02750815805276985, 1.0874000000000001, 0.03951867816599861, 0.05098954476786577, 0.6438, 0.03961912653632796]
[0.13970902679290848, 0.3032981306086786, 0.9526856026251527, 0.03910614525139677, 0.037750429324672395, 1.0874000000000001, 0.044191972461274265, 0.05117479355775205, 0.6438, 0.04640608769614652]
[0.057671611609468675, 0.196241838298448, 0.8050075308398651, 0.05027932960893855, 0.047249712315861774, 1.0874000000000001, 0.05048858155076933, 0.051467204516121065, 0.6438, 0.21264645148977024]
[0.057719104989746826, 2.1197454674761786e-05, 0.5264005497452816, 0.06145251396648055, 0.0558190460814198, 1.0874000000000001, 0.06131777805311012, 0.053805343820113496, 0.6438, 0.013877624881825885]
[0.05771132187410553, -0.19624007007269792, 0.8050073617783958, 0.07262569832402233, 0.06328977255108739, 1.0874000000000001, 0.07208924841596699, 0.053954835842156226, 0.6438, -0.18495851950201506]
[0.0852433523107301, -0.21543415779091427, 0.9547860374260476, 0.08379888268156432, 0.06951485598740008, 1.0874000000000001, 0.08388895112679566, 0.05174714794909662, 0.6438, -0.2948603882254492]
[0.09712828149688131, -0.21415221851108687, 0.9587658324744911, 0.0949720670391061, 0.07437177688203969, 1.0874000000000001, 0.09516674430409869, 0.04832192729248529, 0.6438, -0.09625445428693215]
[0.09926496040255113, -0.2142203240884522, 0.9594783731602023, 0.1061452513966481, 0.07776494333394417, 1.0874000000000001, 0.10542811500957015, 0.04733116303073021, 0.6438, -0.1114983455540272]
[0.14228170572487037, -0.2137972887842677, 0.9595478851354249, 0.11731843575418988, 0.07962757244942517, 1.0874000000000001, 0.12020684088614195, 0.04567649699024949, 0.6438, 0.08627780409256247]
[0.15655593577591587, -0.21388007171874351, 0.9593873851246786, 0.12849162011173187, 0.07992300473536242, 1.0874000000000001, 0.13166818330092966, 0.04666781758254762, 0.6438, 0.28494994538465657]
[0.1571542770381921, -0.2140125401525966, 0.9591557503933321, 0.13966480446927387, 0.07864542561613055, 1.0874000000000001, 0.14152406443914092, 0.047533724650171916, 0.6438, 0.48389241844560676]
[0.2249542411178162, -0.21156900664668385, 0.9593450578054775, 0.15083798882681565, 0.0758199798736634, 1.0874000000000001, 0.1595801875898997, 0.04192172348134471, 0.6438, 0.6796874291931159]
[0.25642848860984446, -0.03163388859426551, 1.0407866059705813, 0.16201117318435765, 0.07150227675829243, 1.0874000000000001, 0.17654215735795592, 0.055629446867822105, 0.6438, 0.8748733910443109]
[0.2767302782561982, 0.16710985097318717, 1.0502080891099426, 0.17318435754189943, 0.06577729551056453, 1.0874000000000001, 0.23802744607665852, 0.12923431819446063, 0.6438, 0.9315084455938238]
[0.26765279771353867, 0.32453507773135004, 0.9417667500669766, 0.18435754189944142, 0.05875771283510123, 1.0874000000000001, 0.1834283790181749, 0.05579295260081401, 0.6438, 1.012138661780515]
[0.3526377137807968, 0.23458243477013907, 0.886786916762368, 0.1955307262569832, 0.05058168524446868, 1.0874000000000001, 0.13820019146222812, -0.016562757925599844, 0.6438, 0.9078493499961755]
[0.4003078498547843, 0.19515529003925178, 0.8933267394415764, 0.2067039106145252, 0.04141012992004181, 1.0874000000000001, 0.14554280056986793, -0.00715925711247998, 0.6438, 0.7092778418530894]
[0.25596681130184246, 0.316331706335782, 0.9602740376035946, 0.21787709497206698, 0.03142355760683388, 1.0874000000000001, 0.2214260313712093, 0.05796932892952563, 0.6438, 0.7091765430433542]
[0.27433935730380643, 0.31064744623202634, 0.9745612527415835, 0.22905027932960897, 0.02081851987593781, 1.0874000000000001, 0.23693508944622074, 0.07127761846746104, 0.6438, 0.6180223245893288]
[0.3934139878059143, 0.2737852746537949, 1.012360656582319, 0.24022346368715097, 0.009803740678088356, 1.0874000000000001, 0.30326003556008124, 0.11842985208616223, 0.6438, 0.5812767871408792]
[0.25170354517941074, 0.2985259724043464, 0.9934510112533111, 0.25139664804469275, -0.0014039916745005152, 1.0874000000000001, 0.2514844590868691, 0.08441356654374352, 0.6438, 0.43910292117652894]
[0.22327388320624394, 0.2864943209181552, 0.9991253051115384, 0.26256983240223475, -0.012584091245713698, 1.0874000000000001, 0.24992173695072845, 0.08367957924494836, 0.6438, 0.31039790295342684]
[0.22148331034740434, 0.2753923299542649, 1.0055042435445787, 0.2737430167597765, -0.02351651595636902, 1.0874000000000001, 0.2547316497757603, 0.0852224371510766, 0.6438, 0.19023346457607465]
[0.33324048104982507, 0.26790675069769493, 1.014530516264801, 0.2849162011173185, -0.03398609836108621, 1.0874000000000001, 0.3055648887962854, 0.09501098468252503, 0.6438, 0.10418003136221182]
[0.3870561358570269, 0.2498662916482924, 1.021998061527726, 0.2960893854748603, -0.043786780484636516, 1.0874000000000001, 0.34020771094996277, 0.09863318897507806, 0.6438, 0.14603891369102043]
[0.4583423598174475, 0.21759923698347583, 1.033698677218303, 0.3072625698324023, -0.0527256693694815, 1.0874000000000001, 0.39648015605353487, 0.10691008098153118, 0.6438, 0.2657807367406986]
[0.4568225366048883, 0.21677104638280986, 1.035592619386939, 0.3184357541899441, -0.0606268335148973, 1.0874000000000001, 0.4028855618385122, 0.10865376675272972, 0.6438, 0.2520339676853362]
[0.46336479618669885, 0.21280138107386742, 1.038230904608692, 0.3296089385474861, -0.0673347654877495, 1.0874000000000001, 0.41514504647096995, 0.11181070212065015, 0.6438, 0.3804387678332666]
[0.47182673914368495, 0.2091858766131988, 1.0411148271544404, 0.3407821229050281, -0.07271744255524207, 1.0874000000000001, 0.42916824707303425, 0.11741888265216494, 0.6438, 0.44727546898804366]
[0.5097430276774078, 0.1925080417391976, 1.0495676614480152, 0.35195530726256985, -0.07666892510154664, 1.0874000000000001, 0.4800283160670361, 0.14181641680920637, 0.6438, 0.4823472880634007]
[0.5532043384816968, 0.16883995886041614, 1.0531105638564813, 0.36312849162011185, -0.07911144168734821, 1.0874000000000001, 0.5676638598317575, 0.18770221108364868, 0.6438, 0.511639294262726]
[0.5621111177378855, 0.16959241958500554, 1.0525106704427858, 0.3743016759776536, -0.0799969197150323, 1.0874000000000001, 0.5816460829082083, 0.19555340961483753, 0.6438, 0.5215689086017851]
[0.5669394163507632, 0.17500185055190193, 1.0530250140759607, 0.3854748603351956, -0.07930793157359768, 1.0874000000000001, 0.5815749670831644, 0.19551254312317082, 0.6438, 0.5306598262839619]
[0.5696158931204088, 0.18318933699245096, 1.0536669680961481, 0.3966480446927374, -0.07705803764166254, 1.0874000000000001, 0.5753966736145206, 0.1918870976601446, 0.6438, 0.5449436449038115]
[0.5746411275132458, 0.19095568324691797, 1.0537989969109187, 0.4078212290502794, -0.0732915193977205, 1.0874000000000001, 0.5751252731377672, 0.19172258293461056, 0.6438, 0.5581581248856512]
[0.5789481367435696, 0.2003561601965111, 1.0536364411351242, 0.4189944134078212, -0.0680825078904619, 1.0874000000000001, 0.5730206432318928, 0.1904084801421627, 0.6438, 0.5673749368019275]
[0.5890701532150717, 0.2075240551552883, 1.0535993103200598, 0.4301675977653632, -0.061533524722242675, 1.0874000000000001, 0.5825474317246568, 0.19647962825189805, 0.6438, 0.5622895534614608]
[0.5985869105324996, 0.21623309994405931, 1.0534205881700232, 0.4413407821229052, -0.05377346426146103, 1.0874000000000001, 0.5897122770546575, 0.20099450985321618, 0.6438, 0.5472375824436027]
[0.6071887532681101, 0.2264753007048475, 1.052965113551801, 0.45251396648044695, -0.04495505679710024, 1.0874000000000001, 0.5942409266255839, 0.2037538650603609, 0.6438, 0.530455668606844]
[0.6142008476040327, 0.23838172313355613, 1.051977155472897, 0.46368715083798895, -0.035251862564573896, 1.0874000000000001, 0.5955882906161505, 0.20454413348534287, 0.6438, 0.5149083457922671]
[0.6303036417983777, 0.2460249401770115, 1.0521012095555033, 0.4748603351955307, -0.024854855805215067, 1.0874000000000001, 0.6117465240477286, 0.21368679463424867, 0.6438, 0.4289186316318366]
[0.6486905789857044, 0.25265862401076306, 1.0522281470878623, 0.4860335195530727, -0.013968666090523987, 1.0874000000000001, 0.6300112517837481, 0.22203948943311122, 0.6438, 0.4178347703763328]
[0.6952893261139897, 0.23878604231396375, 1.05304449773317, 0.4972067039106145, -0.0028075508878820194, 1.0874000000000001, 0.7110631431595681, 0.25802474735985725, 0.6438, 0.34220165445636935]
[0.6874880160490932, 0.26439329363542335, 1.0530966683392209, 0.5083798882681565, 0.008408821365991368, 1.0874000000000001, 0.6737262625577367, 0.2447247546017922, 0.6438, 0.2905757574122018]
[0.6969946997002455, 0.27645906502586254, 1.052040661658744, 0.5195530726256983, 0.01945969468802991, 1.0874000000000001, 0.6754375043075745, 0.24523648420303462, 0.6438, 0.22859238967349899]
[0.7098290322794059, 0.28583098526402495, 1.0510344987876168, 0.5307262569832403, 0.030127570376449534, 1.0874000000000001, 0.6825552827719243, 0.24689249992571266, 0.6438, 0.139234391651468]
[0.7126095605189294, 0.3012134656069394, 1.0484665335152752, 0.5418994413407823, 0.040202487729917795, 1.0874000000000001, 0.6765294804805323, 0.24604803696335495, 0.6438, 0.08182206400388907]
[0.7240045010517334, 0.3100810004000682, 1.0466923662294796, 0.553072625698324, 0.04948615640692849, 1.0874000000000001, 0.6823145610150348, 0.2465224433591874, 0.6438, 0.0032459904184933726]
[0.7346483646280149, 0.31841929870608077, 1.044704774336771, 0.564245810055866, 0.05779585909399934, 1.0874000000000001, 0.6876516100958124, 0.2465397674302117, 0.6438, -0.09012677485515269]
[0.7517320699400808, 0.32139426022188183, 1.0433115990860309, 0.5754189944134078, 0.06496804767199171, 1.0874000000000001, 0.6995259117897942, 0.24546666780301823, 0.6438, -0.08637115312790394]
[0.7542198087550768, 0.33257117957812216, 1.0405647164354794, 0.5865921787709498, 0.07086156210230915, 1.0874000000000001, 0.6984861610776697, 0.2455566962523893, 0.6438, -0.0902774655295092]
[0.7710689203303478, 0.33316919444893095, 1.0395983573333727, 0.5977653631284916, 0.075360408680184, 1.0874000000000001, 0.711389109108842, 0.24438867595095481, 0.6438, -0.10181027689585052]
[0.78724100902361, 0.3326275579936746, 1.0389346585675776, 0.6089385474860336, 0.07837604297462882, 1.0874000000000001, 0.7244264450849685, 0.24305673598180585, 0.6438, -0.11715649791743454]
[0.8026201777524826, 0.3310307538214095, 1.0385846310406197, 0.6201117318435754, 0.07984911252317428, 1.0874000000000001, 0.7375739612609168, 0.24150933284154652, 0.6438, -0.13771454404819114]
[0.8145082385094378, 0.3303420636513596, 1.038230547815506, 0.6312849162011174, 0.07975062498240018, 1.0874000000000001, 0.7484544313578566, 0.24000138892097303, 0.6438, -0.16565218159747133]
[0.8304992503041547, 0.32517247746544703, 1.0387012494920762, 0.6424581005586594, 0.07808251874320427, 1.0874000000000001, 0.7637375972955038, 0.2374462850418049, 0.6438, -0.18721493157815614]
[0.8494007590198787, 0.31612516795769596, 1.0398771010986185, 0.6536312849162011, 0.07487762478019748, 1.0874000000000001, 0.7826469884074498, 0.23386421674548524, 0.6438, -0.2207256158655824]
[0.8545058158492133, 0.3162416978251268, 1.0398511826089092, 0.6648044692737431, 0.07019902048608867, 1.0874000000000001, 0.789761199417987, 0.232267919791398, 0.6438, -0.30709182356555026]
[0.8497538032945373, 0.32159392512227747, 1.0394084144355886, 0.6759776536312849, 0.06413878820862333, 1.0874000000000001, 0.7895138091269702, 0.2323463731645284, 0.6438, -0.33449699118996606]
[0.8703914689227169, 0.3078887660782221, 1.0408175010745764, 0.6871508379888269, 0.05681620292403611, 1.0874000000000001, 0.81004927299332, 0.22520912389879888, 0.6438, -0.35014585269887555]
[0.8861843151681071, 0.2962528578607465, 1.0421257392269891, 0.6983240223463687, 0.04837538471647731, 1.0874000000000001, 0.8275095068907309, 0.21883275489720272, 0.6438, -0.36263245665123967]
[0.9004555908104731, 0.28472283983433216, 1.0434562590105292, 0.7094972067039107, 0.038982462266336275, 1.0874000000000001, 0.8443029263555766, 0.21246114245374007, 0.6438, -0.3731138581444534]
[0.9143280364965004, 0.2726822503808026, 1.0448144095603107, 0.7206703910614525, 0.028822303174510427, 1.0874000000000001, 0.8612394208836694, 0.20583135496938335, 0.6438, -0.38172735680676767]
[0.9274767596795469, 0.26059952954006477, 1.0461248261921499, 0.7318435754189945, 0.018094875475017896, 1.0874000000000001, 0.8778992496127254, 0.19914381601373113, 0.6438, -0.3883516043993613]
[0.9409205388660301, 0.24788107183248934, 1.0473957127937767, 0.7430167597765365, 0.007011311947154763, 1.0874000000000001, 0.8950962114304174, 0.1921080350713688, 0.6438, -0.3928335251604795]
[0.9537390733113057, 0.23548622956061954, 1.048538258169007, 0.7541899441340782, -0.0042102453122327375, 1.0874000000000001, 0.9118476898631179, 0.18516670683717248, 0.6438, -0.3950573891843956]
[0.96722733786614, 0.22257067392886223, 1.0495900925114892, 0.7653631284916202, -0.01534893827095226, 1.0874000000000001, 0.9293127879200039, 0.17788412425338593, 0.6438, -0.3950344191526562]
[0.9811720325682324, 0.20950172293966318, 1.0505187527531648, 0.776536312849162, -0.026185539797581474, 1.0874000000000001, 0.9472326748466464, 0.17041238735620734, 0.6438, -0.393134999262402]
[0.9959073007694996, 0.19616664112757126, 1.051327169629119, 0.787709497206704, -0.03650676839887473, 1.0874000000000001, 0.9659253819209082, 0.16266006630656005, 0.6438, -0.3905973479721026]
[1.0115231688257553, 0.1826179173882054, 1.0520123164783466, 0.7988826815642458, -0.04610948593758418, 1.0874000000000001, 0.985482611842219, 0.15460731105115105, 0.6438, -0.38225089929427847]
[1.026638515988049, 0.17027438237155013, 1.0525308976470218, 0.8100558659217878, -0.0548046957129601, 1.0874000000000001, 1.0042880047228153, 0.14704707183325372, 0.6438, -0.3741579938664429]
[1.0420510152202231, 0.1585623079601558, 1.0529266550488299, 0.8212290502793296, -0.06242126221536632, 1.0874000000000001, 1.0231452385906075, 0.1396426954221922, 0.6438, -0.3652816833718209]
[1.0570835617833307, 0.1482913458314565, 1.053193132561125, 0.8324022346368716, -0.0688092793443482, 1.0874000000000001, 1.0410472992364652, 0.13279614349922883, 0.6438, -0.35432488607644846]
[1.0724620905961486, 0.1388491643410117, 1.0533791836700965, 0.8435754189944136, -0.07384302079827877, 1.0874000000000001, 1.0588577618210153, 0.12620738666873552, 0.6438, -0.3413598126974756]
[1.0881995059756293, 0.13026922614797068, 1.053504084952108, 0.8547486033519553, -0.07742341456724117, 1.0874000000000001, 1.076563508230883, 0.11991710897128795, 0.6438, -0.3261684622001003]
[1.1052884767389755, 0.12138433970667901, 1.053612456455348, 0.8659217877094973, -0.07947999282720634, 1.0874000000000001, 1.0957900492362587, 0.11341374317885661, 0.6438, -0.3111752678114031]
[1.1230202983255604, 0.11282044717103057, 1.0536926017802664, 0.8770949720670391, -0.07997227885849571, 1.0874000000000001, 1.1156353419379028, 0.10703102362833683, 0.6438, -0.29718780435317377]
[1.1414477700246524, 0.10428277597745161, 1.053753401883596, 0.8882681564245811, -0.07889058369177693, 1.0874000000000001, 1.1364397501131542, 0.10065951492797166, 0.6438, -0.2857209173382995]
[1.1620910991439015, 0.09306785350975437, 1.0537999937736897, 0.8994413407821229, -0.07625619680233689, 1.0874000000000001, 1.1621511543820358, 0.09310656969295873, 0.6438, -0.2739906809256422]
[1.1798075611652432, 0.08659352201266349, 1.053794787588712, 0.9106145251396649, -0.07212096709946572, 1.0874000000000001, 1.1815884674355657, 0.08764353293799804, 0.6438, -0.26578635827392055]
[1.1983781821461916, 0.07886524883759322, 1.0537567221438735, 0.9217877094972067, -0.06656628245774533, 1.0874000000000001, 1.2036507672895425, 0.08163757907709382, 0.6438, -0.2604105427338513]
[1.2167606417039434, 0.07108017731260538, 1.0536604919591437, 0.9329608938547487, -0.05970146787468373, 1.0874000000000001, 1.2264736570375705, 0.07555616481678078, 0.6438, -0.2577767184825122]
[1.2347680405228894, 0.0630734466911249, 1.0534551732868878, 0.9441340782122907, -0.051661633781492945, 1.0874000000000001, 1.2504054850561002, 0.06924672197746817, 0.6438, -0.25806008384993623]
[1.252113050069874, 0.05492178596322521, 1.0530585201482805, 0.9553072625698324, -0.04260501685566175, 1.0874000000000001, 1.2755281574036363, 0.06261570788825703, 0.6438, -0.26153806535688945]
[1.2677817095341606, 0.04978409774737259, 1.052805417319153, 0.9664804469273744, -0.032709865672349826, 1.0874000000000001, 1.2953092387971776, 0.05732092309092336, 0.6438, -0.2620031207756025]
[1.2830590334428595, 0.04315716223984742, 1.0521257831876727, 0.9776536312849162, -0.02217093248991883, 1.0874000000000001, 1.3192544698285298, 0.05089958879903915, 0.6438, -0.2652620872325273]
[1.297307406452833, 0.03677740045529827, 1.0510296485863415, 0.9888268156424582, -0.011195640216818601, 1.0874000000000001, 1.3443239142876204, 0.0440891241416862, 0.6438, -0.27044574291527496]
[1.3103466074509968, 0.033027990553816416, 1.0502701591218935, 1.0, -7.83773951454306e-17, 1.0874000000000001, 1.3637295084577021, 0.038709154477811224, 0.6438, -0.27454184079373156]
[1.3102515474906173, 0.03449983367609429, 1.050818190914083, 1.0, -7.83773951454306e-17, 1.0874000000000001, 1.3593069841462033, 0.03995477634830477, 0.6438, -0.2791294047144835]
[1.3097054574194325, 0.040597660016433966, 1.0524879727628116, 1.0, -7.83773951454306e-17, 1.0874000000000001, 1.3422015422072766, 0.04485740091049073, 0.6438, -0.2815555051447183]
[1.308581807716021, 0.04920035854905008, 1.0536200848823178, 1.0, -7.83773951454306e-17, 1.0874000000000001, 1.3205751978594218, 0.05111258759340451, 0.6438, -0.2782375558029818]
[1.3085141271272565, 0.049642233018804646, 1.0536483768714178, 1.0, -7.83773951454306e-17, 1.0874000000000001, 1.3195218843103766, 0.051413463568884044, 0.6438, -0.26612817688877594]
[1.3071393133621896, 0.05760036971307328, 1.0537528664472022, 1.0, -7.83773951454306e-17, 1.0874000000000001, 1.3010291394859843, 0.05645447838959572, 0.6438, -0.2423290994914239]
[1.3058351922927776, 0.06394669131833271, 1.0533390865554588, 1.0, -7.83773951454306e-17, 1.0874000000000001, 1.2868111449882493, 0.05996897746699983, 0.6438, -0.2060537826323327]
[1.305244730488365, 0.06655282665857905, 1.053036272425136, 1.0, -7.83773951454306e-17, 1.0874000000000001, 1.2808054156984545, 0.06122429738875322, 0.6438, -0.1601996082689961]
[1.3056544675035655, 0.06477242038083084, 1.053277132987968, 1.0, -7.83773951454306e-17, 1.0874000000000001, 1.2854044631688957, 0.06048116364183496, 0.6438, -0.11363620816046721]
[1.3073344253947075, 0.05656117085113276, 1.053771516251036, 1.0, -7.83773951454306e-17, 1.0874000000000001, 1.3120873946476614, 0.05743589715496692, 0.6438, -0.08438198467495525]
[1.3087967932483264, 0.03859959915604082, 1.0433647706427687, 1.0, -7.83773951454306e-17, 1.0874000000000001, 1.4, 0.05, 0.6438, -0.08438198467495525]
