[-1.0912032067516746,0.011400400843959317,0.6878352293572314,-1.0,0.0,1.0874000000000001,-1.4,0.05,0.6438]
[-1.0761355560691392,0.018766144883208574,0.6866550667929505,-0.9899497487437185,0.010076776405417405,1.0874000000000001,-1.385929648241206,0.05,0.6438]
[-1.0612604015622038,0.026221720761078267,0.6856020323762055,-0.9798994974874372,0.01999303698962467,1.0874000000000001,-1.371859296482412,0.05,0.6438]
[-1.0465873288153604,0.033627948007618064,0.6846656355590862,-0.9698492462311558,0.029590822833323746,1.0874000000000001,-1.3577889447236182,0.05,0.6438000000000001]
[-1.0321131198704498,0.040842438717157266,0.6838332138228032,-0.9597989949748744,0.038717248091427105,1.0874000000000001,-1.343718592964824,0.05,0.6438]
[-1.0178221255253062,0.04772383490232248,0.6830909996299401,-0.949748743718593,0.04722693535492227,1.0874000000000001,-1.32964824120603,0.05,0.6438]
[-1.0036877070342185,0.05413580537998884,0.682425111368558,-0.9396984924623115,0.054984331408734745,1.0874000000000001,-1.315577889447236,0.05,0.6438]
[-0.9896746122344442,0.05995045141503388,0.6818224291627779,-0.9296482412060302,0.061865866497227126,1.0874000000000001,-1.3015075376884422,0.049999999999999996,0.6438]
[-0.9757420460895833,0.06505088375808513,0.6812713316841413,-0.9195979899497487,0.06776192270178391,1.0874000000000001,-1.2874371859296483,0.05,0.6438]
[-0.9618471402460971,0.06933288395758685,0.680762276646711,-0.9095477386934674,0.07257858007563851,1.0874000000000001,-1.2733668341708544,0.05,0.6438]
[-0.9479485240470155,0.07270571705084194,0.6802882067951493,-0.8994974874371859,0.07623911272126714,1.0874000000000001,-1.25929648241206,0.05,0.6438]
[-0.9340097393433496,0.0750922918237168,0.6798447592732475,-0.8894472361809045,0.0786852109789096,1.0874000000000001,-1.2452261306532662,0.05,0.6438]
[-0.9200023030643627,0.07642895014018786,0.6794302550275588,-0.8793969849246231,0.0798779102576303,1.0874000000000001,-1.2311557788944723,0.05,0.6438]
[-0.9059082827776873,0.07666520177971715,0.679045451383873,-0.8693467336683417,0.0797982117133071,1.0874000000000001,-1.2170854271356784,0.05000000000000001,0.6438]
[-0.8917222938121521,0.07576370830918686,0.678693057760119,-0.8592964824120604,0.07844738488659232,1.0874000000000001,-1.2030150753768845,0.05000000000000001,0.6438]
[-0.8774528425808996,0.07370076543840012,0.6783770410177978,-0.8492462311557789,0.07584694748004077,1.0874000000000001,-1.1889447236180906,0.05,0.6438]
[-0.8631229297638624,0.07046744448078324,0.6781017793684737,-0.8391959798994975,0.07203832259654014,1.0874000000000001,-1.1748743718592962,0.05,0.6438]
[-0.8487697986601199,0.06607143415541056,0.6778711557520828,-0.8291457286432161,0.06708217889899021,1.0874000000000001,-1.1608040201005023,0.05,0.6437999999999999]
[-0.8344436863936939,0.06053947736060558,0.6776877056153712,-0.8190954773869347,0.061057464202013474,1.0874000000000001,-1.1467336683417084,0.05000000000000001,0.6438]
[-0.8202054331047919,0.05392013071491111,0.6775519425744646,-0.8090452261306533,0.05406014788988871,1.0874000000000001,-1.1326633165829145,0.05,0.6438000000000001]
[-0.8061228529762894,0.04628640447505574,0.6774619727597923,-0.7989949748743719,0.04620169219308709,1.0874000000000001,-1.1185929648241206,0.05,0.6438]
[-0.7922658910526555,0.037737698705413034,0.6774134723713895,-0.7889447236180904,0.03760727667488024,1.0874000000000001,-1.1045226130653267,0.05,0.6438]
[-0.7787007841259134,0.028400384574476776,0.6774000459697824,-0.778894472361809,0.02841380421067426,1.0874000000000001,-1.0904522613065324,0.05,0.6438]
[-0.7654836867535215,0.018426437990267414,0.6774139144613488,-0.7688442211055276,0.01876772022338951,1.0874000000000001,-1.0763819095477387,0.05,0.6438]
[-0.7526544560274631,0.00798975050167805,0.6774468165770291,-0.7587939698492463,0.008822679912902006,1.0874000000000001,-1.0623115577889446,0.05,0.6438]
[-0.7402314296918255,-0.002719888576611991,0.6774909636027899,-0.7487437185929648,-0.001262899361090926,1.0874000000000001,-1.0482412060301507,0.05,0.6438]
[-0.7282080056178171,-0.013504691167664298,0.677539879127092,-0.7386934673366834,-0.011328361553996143,1.0874000000000001,-1.0341708542713568,0.05,0.6438]
[-0.7165516030922519,-0.024167781761445836,0.677588989468533,-0.728643216080402,-0.02121337107189428,1.0874000000000001,-1.0201005025125627,0.05,0.6438]
[-0.7052051940501001,-0.034521993390217526,0.6776358989474158,-0.7185929648241206,-0.03076046680256086,1.0874000000000001,-1.006030150753769,0.05,0.6438000000000001]
[-0.6940911379101942,-0.04439741215361569,0.6776803677999566,-0.7085427135678393,-0.039817570358054624,1.0874000000000001,-0.991959798994975,0.05,0.6438]
[-0.683116668285898,-0.05364678147293024,0.6777240840735667,-0.6984924623115578,-0.048240408574369176,1.0874000000000001,-0.9778894472361808,0.05,0.6438]
[-0.672180168937305,-0.06214829911803413,0.6777703625456175,-0.6884422110552764,-0.055894811679464536,1.0874000000000001,-0.9638190954773869,0.05,0.6438]
[-0.6611773785442423,-0.06980580630553992,0.6778239030225952,-0.6783919597989949,-0.06265885052151124,1.0874000000000001,-0.949748743718593,0.05,0.6438]
[-0.6500068447026834,-0.0765467550678889,0.6778907006310116,-0.6683417085427136,-0.06842477881283293,1.0874000000000001,-0.9356783919597991,0.05,0.6438]
[-0.6385742258421112,-0.08231857364204519,0.6779781362685258,-0.6582914572864322,-0.07310074945099491,1.0874000000000001,-0.9216080402010051,0.05,0.6438]
[-0.6267953273563943,-0.08708411860755558,0.6780952054601035,-0.6482412060301508,-0.07661227757727436,1.0874000000000001,-0.9075376884422108,0.05000000000000001,0.6438000000000001]
[-0.6145979908552792,-0.09081684373734102,0.6782527862043103,-0.6381909547738693,-0.07890342706704022,1.0874000000000001,-0.8934673366834169,0.05,0.6438]
[-0.6019231042857162,-0.09349618679802825,0.6784638130852775,-0.6281407035175879,-0.07993770155210206,1.0874000000000001,-0.879396984924623,0.05,0.6438]
[-0.5887250670280828,-0.09510353171561259,0.6787432209992461,-0.6180904522613065,-0.07969862578168053,1.0874000000000001,-0.8653266331658291,0.05000000000000001,0.6438]
[-0.5749720457994356,-0.09561898346202312,0.6791075460802867,-0.6080402010050251,-0.07819000806133658,1.0874000000000001,-0.851256281407035,0.05,0.6438]
[-0.5606463154482155,-0.09501911680567103,0.6795741182840901,-0.5979899497487438,-0.07543587958939496,1.0874000000000001,-0.8371859296482412,0.05,0.6438]
[-0.5457449092147868,-0.09327583205992328,0.6801598419483433,-0.5879396984924623,-0.07148011165718994,1.0874000000000001,-0.8231155778894471,0.05,0.6438]
[-0.5302807124227453,-0.090356463959037,0.6808796294764284,-0.5778894472361809,-0.06638571681085806,1.0874000000000001,-0.8090452261306531,0.05,0.6437999999999999]
[-0.5142840198289114,-0.08622532752935172,0.6817446216936007,-0.5678391959798995,-0.060233845106670174,1.0874000000000001,-0.7949748743718592,0.05000000000000001,0.6438]
[-0.49780443248322,-0.08084692202910519,0.6827603896795555,-0.5577889447236181,-0.05312249144883448,1.0874000000000001,-0.7809045226130651,0.05,0.6437999999999999]
[-0.4809127878342633,-0.07419101498868196,0.6839253601604623,-0.5477386934673367,-0.045164934600953444,1.0874000000000001,-0.7668341708542714,0.05,0.6438]
[-0.46370259956826937,-0.06623974661056756,0.685229731755761,-0.5376884422110553,-0.0364879327365613,1.0874000000000001,-0.7527638190954774,0.05,0.6438]
[-0.44629025665125494,-0.05699667820032191,0.6866551424563,-0.5276381909547738,-0.02722970427232908,1.0874000000000001,-0.7386934673366833,0.05,0.6438]
[-0.428813056705214,-0.046497315796953,0.6881752984635305,-0.5175879396984925,-0.017537726147815316,1.0874000000000001,-0.7246231155778895,0.05,0.6438]
[-0.41142413366416275,-0.034820074289844564,0.6897576720374171,-0.507537688442211,-0.00756638462358756,1.0874000000000001,-0.7105527638190954,0.049999999999999996,0.6438]
[-0.3942836173198617,-0.022095999061428312,0.6913662209636223,-0.4974874371859297,0.0025254839811847804,1.0874000000000001,-0.6964824120603015,0.05,0.6438]
[-0.3775460356271571,-0.00851504531689299,0.692964890631632,-0.48743718592964824,0.012577123437380044,1.0874000000000001,-0.6824120603015076,0.05,0.6438]
[-0.3613450128849482,0.0056733550412320435,0.6945214688461672,-0.4773869346733668,0.02242841833736118,1.0874000000000001,-0.6683417085427136,0.05,0.6438]
[-0.34577748008951337,0.020167037284591353,0.6960112284635932,-0.46733668341708545,0.03192244461858721,1.0874000000000001,-0.6542713567839197,0.05,0.6438000000000001]
[-0.3308904359833421,0.03462527528254858,0.6974197698513412,-0.457286432160804,0.040907969251386116,1.0874000000000001,-0.6402010050251254,0.05,0.6438]
[-0.316673286799097,0.04868854397903674,0.6987445941132412,-0.44723618090452255,0.04924185927265435,1.0874000000000001,-0.6261306532663315,0.05000000000000001,0.6438]
[-0.3030577381513327,0.06200031874242626,0.6999951794140272,-0.4371859296482412,0.05679136179130662,1.0874000000000001,-0.6120603015075377,0.05,0.6438]
[-0.28992540789300064,0.074226626052571,0.7011916251845177,-0.42713567839195976,0.06343621864662231,1.0874000000000001,-0.5979899497487435,0.05,0.6438]
[-0.27712148844961393,0.08506966520143217,0.7023621769159542,-0.4170854271356784,0.06907058203449784,1.0874000000000001,-0.5839195979899499,0.05,0.6438]
[-0.26447165672279227,0.09427348662660176,0.7035400720453674,-0.40703517587939697,0.07360470058705396,1.0874000000000001,-0.5698492462311556,0.05,0.6437999999999999]
[-0.25179937183019657,0.10162172038812659,0.7047601328608414,-0.3969849246231155,0.07696634904755704,1.0874000000000001,-0.5557788944723618,0.05,0.6438]
[-0.23894156070921113,0.10692897850791738,0.7060554095161115,-0.3869346733668342,0.07910197876696021,1.0874000000000001,-0.5417085427135677,0.05,0.6438]
[-0.22576198793573682,0.11002845094132863,0.7074540110943033,-0.37688442211055273,0.07997757069547824,1.0874000000000001,-0.5276381909547738,0.05,0.6438]
[-0.21216284146020764,0.11075846097461975,0.7089761210865964,-0.3668341708542714,0.07957917728165256,1.0874000000000001,-0.51356783919598,0.05,0.6438000000000001]
[-0.1980959188732262,0.10895070600148332,0.7106311209625533,-0.35678391959798994,0.07791314464684303,1.0874000000000001,-0.49949748743718586,0.05,0.6438]
[-0.18357511733853787,0.10442300337328649,0.7124147631926809,-0.3467336683417085,0.07500601149606602,1.0874000000000001,-0.4854271356783919,0.05,0.6438000000000001]
[-0.16869158770499537,0.09697988587680625,0.7143064488070302,-0.33668341708542715,0.07090408637545673,1.0874000000000001,-0.471356783919598,0.05,0.6438]
[-0.15363163676731356,0.08642536987457189,0.7162668728733214,-0.3266331658291457,0.06567271001034099,1.0874000000000001,-0.45728643216080395,0.05,0.6438]
[-0.1386947632287548,0.07259315770966523,0.718236594573985,-0.31658291457286436,0.05939521447434273,1.0874000000000001,-0.44321608040201016,0.05,0.6438]
[-0.1243046387126685,0.05539903002516531,0.7201364288183777,-0.3065326633165829,0.052171595769214936,1.0874000000000001,-0.429145728643216,0.049999999999999996,0.6437999999999999]
[-0.110999897624946,0.034915630693719404,0.7218708314016936,-0.29648241206030146,0.04411692096024862,1.0874000000000001,-0.4150753768844221,0.05,0.6438]
[-0.0993874784292253,0.011458298576020133,0.7233354183756399,-0.2864321608040201,0.03535949524044638,1.0874000000000001,-0.40100502512562813,0.05,0.6438]
[-0.09004608409162984,-0.014347567982271617,0.7244290645669784,-0.27638190954773867,0.02603881812081688,1.0874000000000001,-0.3869346733668342,0.05,0.6438]
[-0.08338867443625037,-0.04156211804523839,0.725069417578467,-0.26633165829145733,0.016303361303212277,1.0874000000000001,-0.3728643216080403,0.05,0.6438]
[-0.07952717735594045,-0.06902607343770623,0.7252084912801039,-0.2562814070351759,0.006308203632598113,1.0874000000000001,-0.35879396984924605,0.05,0.6438]
[-0.07820482688034397,-0.09554782102937175,0.7248435421579332,-0.24623115577889443,-0.0037874391977246176,1.0874000000000001,-0.34472361809045227,0.05,0.6438000000000001]
[-0.07884077235320086,-0.12011711947615945,0.7240192217456851,-0.2361809045226131,-0.013822750837927916,1.0874000000000001,-0.33065326633165837,0.05,0.6438]
[-0.08067137265774052,-0.1420573859922415,0.7228202181536852,-0.22613065326633164,-0.023637875970773534,1.0874000000000001,-0.31658291457286425,0.05,0.6438]
[-0.08292095864491725,-0.16106604786849754,0.7213573388893089,-0.2160804020100502,-0.033076466692170764,1.0874000000000001,-0.30251256281407035,0.05,0.6438]
[-0.08493332524100722,-0.1771562017881445,0.7197518491138862,-0.20603015075376885,-0.041988173021157475,1.0874000000000001,-0.28844221105527634,0.05,0.6437999999999999]
[-0.08623386304361522,-0.19055102940461155,0.7181221812000818,-0.1959798994974874,-0.05023103786726866,1.0874000000000001,-0.27437185929648245,0.05,0.6438]
[-0.08653169913089662,-0.20157967715370573,0.7165750625523886,-0.18592964824120606,-0.05767375830517728,1.0874000000000001,-0.26030150753768844,0.05,0.6438]
[-0.08568810914221037,-0.21059986807525571,0.7152011830138045,-0.1758793969849246,-0.06419777713612619,1.0874000000000001,-0.24623115577889454,0.05,0.6438]
[-0.08367478467352363,-0.2179512911467688,0.7140744450806094,-0.16582914572864316,-0.06969917141907679,1.0874000000000001,-0.23216080402010042,0.05,0.6438]
[-0.08053575452339126,-0.22393320596541721,0.713253536985089,-0.15577889447236182,-0.0740903078886273,1.0874000000000001,-0.2180904522613064,0.05,0.6438]
[-0.076358239248914,-0.22879750915713515,0.7127846944549597,-0.14572864321608037,-0.07730123889008175,1.0874000000000001,-0.2040201005025125,0.05,0.6438000000000001]
[-0.07125282288789145,-0.2327501726758835,0.7127047868013128,-0.13567839195979903,-0.07928081659542337,1.0874000000000001,-0.18994974874371873,0.05,0.6438]
[-0.06534135474143363,-0.23595643306741027,0.7130441304685097,-0.12562814070351758,-0.07999750775153251,1.0874000000000001,-0.1758793969849246,0.05,0.6438]
[-0.058750654889010934,-0.23854713018940654,0.7138286501410644,-0.11557788944723613,-0.07943989598229358,1.0874000000000001,-0.1618090452261305,0.05,0.6438]
[-0.05161045203773661,-0.2406249227475129,0.7150811719716694,-0.10552763819095479,-0.07761686364327894,1.0874000000000001,-0.1477386934673366,0.05,0.6437999999999999]
[-0.044054548094322105,-0.24226987681439216,0.7168217577230784,-0.09547738693467334,-0.0745574503321948,1.0874000000000001,-0.1336683417085428,0.05,0.6438000000000001]
[-0.036224806803032555,-0.24354432072499538,0.7190670851175013,-0.085427135678392,-0.07031039030891684,1.0874000000000001,-0.1195979899497488,0.05,0.6438]
[-0.028278207620253126,-0.24449702441714516,0.7218289567144776,-0.07537688442211055,-0.0649433361936817,1.0874000000000001,-0.10552763819095468,0.05,0.6438]
[-0.020398012089618986,-0.24516675825430628,0.7251120799854198,-0.0653266331658291,-0.0585417813093661,1.0874000000000001,-0.09145728643216078,0.05,0.6438]
[-0.0128113155818749,-0.24558509071562618,0.7289113010450765,-0.055276381909547756,-0.05120769783416866,1.0874000000000001,-0.07738693467336677,0.05,0.6438]
[-0.005817413112910445,-0.24577771923658104,0.7332084798848849,-0.045226130653266305,-0.043057912457943076,1.0874000000000001,-0.06331658291457287,0.05,0.6438000000000001]
[0.00016443798786764524,-0.24576215109365906,0.737969133771256,-0.035175879396984966,-0.03422224541681678,1.0874000000000001,-0.04924623115577886,0.05,0.6438]
[0.004510777162081696,-0.2455355593729997,0.7431387761010315,-0.025125628140703515,-0.024841442549933545,1.0874000000000001,-0.035175879396984966,0.05,0.6438]
[0.00623802447545211,-0.24503514383478842,0.7486383711252433,-0.015075376884422065,-0.015064933319177359,1.0874000000000001,-0.021105527638190846,0.05,0.6438]
[0.003700643275263758,-0.2440176291596537,0.7543570709200221,-0.005025125628140725,-0.005048450505013988,1.0874000000000001,-0.007035175879396949,0.05,0.6437999999999999]
[-0.006007781702506333,-0.2416848237686981,0.760137160187707,0.005025125628140614,0.005048450505013769,1.0874000000000001,0.007035175879396949,0.05,0.6438]
[-0.02816794146342442,-0.2354608448361839,0.7657373663324919,0.015075376884422065,0.015064933319177283,1.0874000000000001,0.021105527638190846,0.05,0.6438]
[-0.07148793052232544,-0.21700900517494454,0.7707390121632577,0.025125628140703515,0.024841442549933476,1.0874000000000001,0.035175879396984966,0.05,0.6438]
[-0.14104294778258222,-0.16338030609280735,0.7743502330549596,0.035175879396984966,0.03422224541681671,1.0874000000000001,0.04924623115577886,0.05,0.6438]
[-0.203146899929593,-0.052253542252346574,0.7754279431101332,0.045226130653266416,0.04305791245794313,1.0874000000000001,0.06331658291457298,0.05,0.6438]
[-0.20836961574793245,0.06560827405491115,0.7737386996716004,0.055276381909547645,0.05120769783416849,1.0874000000000001,0.07738693467336666,0.05,0.6438]
[-0.18193836915478595,0.13936959505575705,0.7704979912459297,0.0653266331658291,0.05854178130936605,1.0874000000000001,0.09145728643216078,0.05,0.6438]
[-0.15361936083688288,0.17843860421354646,0.7668075113256989,0.07537688442211055,0.06494333619368164,1.0874000000000001,0.10552763819095468,0.05,0.6438]
[-0.13032506327537088,0.1985486642472758,0.7631995469714359,0.085427135678392,0.07031039030891681,1.0874000000000001,0.1195979899497488,0.05,0.6438]
[-0.11199723551219246,0.20796725289140833,0.7599002204250482,0.09547738693467345,0.07455745033219481,1.0874000000000001,0.13366834170854291,0.05,0.6438]
[-0.09762091336810427,0.21052815455988538,0.756998343305701,0.1055276381909549,0.07761686364327891,1.0874000000000001,0.1477386934673368,0.05,0.6438]
[-0.08630925572985851,0.20800117579544564,0.7545132655916624,0.11557788944723613,0.07943989598229355,1.0874000000000001,0.1618090452261305,0.05,0.6438]
[-0.07736412896175093,0.20117382518895538,0.7524217342148185,0.12562814070351758,0.07999750775153251,1.0874000000000001,0.1758793969849246,0.05,0.6438]
[-0.07017815209931577,0.19034580683625313,0.7506691709824567,0.13567839195979903,0.07928081659542338,1.0874000000000001,0.18994974874371873,0.05,0.6438]
[-0.06413495245790052,0.17559241956297383,0.7491750526458514,0.14572864321608048,0.07730123889008172,1.0874000000000001,0.20402010050251262,0.05,0.6438]
[-0.0585376238177403,0.15694734267364402,0.7478368368408572,0.15577889447236193,0.07409030788862728,1.0874000000000001,0.21809045226130674,0.05,0.6438]
[-0.05258299340341155,0.13456319381189136,0.7465352231767202,0.16582914572864316,0.06969917141907683,1.0874000000000001,0.23216080402010042,0.05,0.6438]
[-0.04540256978828022,0.10885496982537199,0.7451427483279607,0.1758793969849246,0.06419777713612625,1.0874000000000001,0.24623115577889454,0.05,0.6438]
[-0.03618001145827443,0.08059124163693554,0.7435365270548216,0.18592964824120606,0.05767375830517734,1.0874000000000001,0.26030150753768844,0.05,0.6438]
[-0.024318877334574773,0.05088030546679885,0.7416138993859336,0.1959798994974875,0.05023103786726862,1.0874000000000001,0.27437185929648256,0.05,0.6438]
[-0.0095902462547508,0.021026273662963516,0.7393074215539993,0.20603015075376896,0.04198817302115742,1.0874000000000001,0.28844221105527645,0.05,0.6438]
[0.007819157622244777,-0.007701365000809847,0.7365946087522861,0.2160804020100502,0.03307646669217083,1.0874000000000001,0.30251256281407035,0.05,0.6438]
[0.02738669052328363,-0.03428563992825666,0.7334993026580979,0.22613065326633164,0.023637875970773606,1.0874000000000001,0.31658291457286425,0.05,0.6438]
[0.04841557441315941,-0.058080110499429044,0.7300847899397669,0.2361809045226131,0.013822750837927993,1.0874000000000001,0.33065326633165837,0.05,0.6438]
[0.07019910874434393,-0.07880661405073992,0.7264416356630374,0.24623115577889454,0.003787439197724554,1.0874000000000001,0.34472361809045227,0.05,0.6438]
[0.09213111102503341,-0.09647284336416602,0.7226740507423979,0.256281407035176,-0.006308203632598176,1.0874000000000001,0.3587939698492464,0.05,0.6438]
[0.11375110246853176,-0.11126582075575446,0.7188877135298049,0.2663316582914572,-0.016303361303212062,1.0874000000000001,0.37286432160804006,0.05,0.6438]
[0.13474206073961614,-0.12345950965417966,0.715180492060433,0.27638190954773867,-0.02603881812081681,1.0874000000000001,0.3869346733668342,0.05,0.6438]
[0.1549048052816325,-0.1333504876467027,0.7116363506716964,0.2864321608040201,-0.035359495240446306,1.0874000000000001,0.40100502512562813,0.05,0.6438]
[0.17412665858369653,-0.1412200399864721,0.7083221005300477,0.29648241206030157,-0.044116920960248676,1.0874000000000001,0.4150753768844222,0.05,0.6438]
[0.19235349671039872,-0.14731535246982258,0.7052864259490215,0.306532663316583,-0.052171595769214874,1.0874000000000001,0.42914572864321615,0.05,0.6438]
[0.2095682742013454,-0.15184247707482068,0.7025605914360737,0.31658291457286425,-0.05939521447434249,1.0874000000000001,0.44321608040200994,0.05,0.6438]
[0.22577601536129055,-0.15496569323299364,0.7001602830975322,0.3266331658291457,-0.06567271001034093,1.0874000000000001,0.45728643216080395,0.05,0.6438]
[0.24099412729680603,-0.15680990747262463,0.6980881073979751,0.33668341708542715,-0.07090408637545668,1.0874000000000001,0.471356783919598,0.05,0.6438]
[0.2552467375970962,-0.15746423058895603,0.6963363432803308,0.3467336683417086,-0.07500601149606605,1.0874000000000001,0.48542713567839196,0.05,0.6438]
[0.2685619840747841,-0.15698583108069003,0.6948896175224487,0.35678391959799005,-0.07791314464684301,1.0874000000000001,0.499497487437186,0.05,0.6438]
[0.2809714855205743,-0.15540373922761286,0.6937272487547689,0.3668341708542713,-0.07957917728165254,1.0874000000000001,0.5135678391959797,0.05,0.6438]
[0.292511478681616,-0.15272261915030233,0.6928250839923518,0.37688442211055273,-0.07997757069547824,1.0874000000000001,0.5276381909547738,0.05,0.6438]
[0.3032252772787993,-0.14892674131871858,0.6921567337181228,0.3869346733668342,-0.07910197876696021,1.0874000000000001,0.5417085427135677,0.05,0.6438]
[0.31316678261997544,-0.1439845329508352,0.6916941975438727,0.39698492462311563,-0.076966349047557,1.0874000000000001,0.5557788944723618,0.05,0.6438]
[0.3224047470553144,-0.1378541772616092,0.6914079606051435,0.4070351758793971,-0.07360470058705398,1.0874000000000001,0.569849246231156,0.05,0.6438]
[0.33102735726519156,-0.13049076002186627,0.691266726534912,0.4170854271356783,-0.069070582034498,1.0874000000000001,0.5839195979899496,0.05,0.6438]
[0.3391464698392199,-0.12185537914328236,0.6912370273926047,0.42713567839195976,-0.06343621864662236,1.0874000000000001,0.5979899497487435,0.05,0.6438]
[0.3469005308978567,-0.1119263743143674,0.6912830006594443,0.4371859296482412,-0.05679136179130663,1.0874000000000001,0.6120603015075377,0.05,0.6438]
[0.35445493178896237,-0.1007123353935991,0.6913666303195658,0.44723618090452266,-0.04924185927265424,1.0874000000000001,0.6261306532663315,0.05,0.6438]
[0.36199845066722836,-0.08826579731284996,0.6914486940238982,0.4572864321608041,-0.04090796925138617,1.0874000000000001,0.6402010050251258,0.05,0.6438]
[0.3697347116766875,-0.07469563367205444,0.6914905287687818,0.46733668341708534,-0.03192244461858748,1.0874000000000001,0.6542713567839193,0.05,0.6438]
[0.3778684312651491,-0.06017540759090183,0.6914565289316144,0.4773869346733668,-0.022428418337361252,1.0874000000000001,0.6683417085427136,0.05,0.6438]
[0.3865876009921145,-0.04494476539933043,0.6913170579641809,0.48743718592964824,-0.012577123437380051,1.0874000000000001,0.6824120603015076,0.05,0.6438]
[0.396044337059894,-0.02930177787521729,0.6910512551778177,0.4974874371859297,-0.002525483981184717,1.0874000000000001,0.6964824120603015,0.05,0.6438]
[0.40633825668402074,-0.013586023667109773,0.69064913278567,0.5075376884422111,0.007566384623587552,1.0874000000000001,0.7105527638190955,0.05,0.6438]
[0.41750624111918283,0.00184532270442226,0.6901124440865912,0.5175879396984926,0.017537726147815378,1.0874000000000001,0.7246231155778897,0.05,0.6438]
[0.42952105877762525,0.01664405981972636,0.6894540583133748,0.5276381909547738,0.027229704272328938,1.0874000000000001,0.7386934673366832,0.05,0.6438]
[0.4422989978186995,0.030495110092134663,0.6886959243056701,0.5376884422110553,0.03648793273656129,1.0874000000000001,0.7527638190954774,0.05,0.6438]
[0.45571436247249736,0.043134113773566865,0.687866023632884,0.5477386934673367,0.045164934600953326,1.0874000000000001,0.7668341708542714,0.05,0.6438]
[0.46961733679486284,0.054356448729593866,0.6869948990026639,0.5577889447236182,0.05312249144883447,1.0874000000000001,0.7809045226130653,0.05,0.6438]
[0.48385166637846877,0.06401799462874437,0.6861123536864819,0.5678391959798996,0.060233845106670215,1.0874000000000001,0.7949748743718593,0.05,0.6437999999999999]
[0.4982695604630746,0.07202965495255721,0.685244781716698,0.5778894472361809,0.06638571681085802,1.0874000000000001,0.8090452261306531,0.05,0.6437999999999999]
[0.5127425527894892,0.07834834614681316,0.6844133790891797,0.5879396984924623,0.07148011165718994,1.0874000000000001,0.8231155778894471,0.05,0.6438]
[0.5271682251613549,0.08296699637352736,0.6836332782330228,0.5979899497487438,0.07543587958939492,1.0874000000000001,0.8371859296482413,0.05,0.6438]
[0.5414734158408314,0.08590544450490642,0.6829134920007971,0.6080402010050252,0.07819000806133658,1.0874000000000001,0.8512562814070352,0.05,0.6437999999999999]
[0.5556147939685785,0.08720335744883251,0.6822574681380711,0.6180904522613067,0.07969862578168055,1.0874000000000001,0.8653266331658291,0.05,0.6438]
[0.5695776144586412,0.08691561379532142,0.6816640349431669,0.6281407035175879,0.07993770155210206,1.0874000000000001,0.879396984924623,0.05,0.6438]
[0.5833732383679389,0.08511011119609496,0.6811285451324929,0.6381909547738693,0.07890342706704022,1.0874000000000001,0.8934673366834169,0.05,0.6438]
[0.597035742671396,0.08186762848562423,0.6806440758771358,0.6482412060301508,0.0766122775772744,1.0874000000000001,0.9075376884422109,0.05,0.6438]
[0.6106177351220468,0.07728316249511799,0.6802025986869253,0.6582914572864322,0.07310074945099496,1.0874000000000001,0.9216080402010052,0.05,0.6438]
[0.6241853801565904,0.07146802216163978,0.6797960778729225,0.6683417085427137,0.0684247788128329,1.0874000000000001,0.9356783919597991,0.05,0.6438]
[0.6378126481315638,0.06455188386766132,0.6794174809022477,0.6783919597989949,0.06265885052151128,1.0874000000000001,0.9497487437185929,0.05,0.6438]
[0.651574915932445,0.056684005595781746,0.6790616847229636,0.6884422110552764,0.05589481167946449,1.0874000000000001,0.9638190954773869,0.05,0.6438]
[0.665542239703754,0.048032894061680605,0.6787262428686874,0.6984924623115578,0.04824040857436927,1.0874000000000001,0.9778894472361808,0.05,0.6438]
[0.6797728309036127,0.03878394422505703,0.6784119494795677,0.7085427135678393,0.03981757035805466,1.0874000000000001,0.991959798994975,0.05,0.6438]
[0.6943074176795191,0.029134920027896416,0.6781231135312299,0.7185929648241207,0.03076046680256077,1.0874000000000001,1.006030150753769,0.05,0.6438]
[0.7091651911819626,0.01928956713524347,0.677867454865344,0.728643216080402,0.021213371071894357,1.0874000000000001,1.0201005025125625,0.05,0.6438]
[0.7243418817260237,0.009450047495448477,0.6776555626652667,0.7386934673366834,0.01132836155399608,1.0874000000000001,1.0341708542713568,0.05,0.6438]
[0.7398102017014604,-0.00019084809945135034,0.6774999159621091,0.7487437185929648,0.0012628993610910755,1.0874000000000001,1.0482412060301507,0.05,0.6438]
[0.7555225086739994,-0.009456699558568357,0.6774135422225905,0.7587939698492463,-0.008822679912901999,1.0874000000000001,1.0623115577889446,0.05,0.6438]
[0.7714151919898908,-0.018192831963762257,0.6774084639749248,0.7688442211055277,-0.018767720223389607,1.0874000000000001,1.076381909547739,0.05,0.6437999999999999]
[0.787414065029602,-0.026269567426641993,0.677494134233982,0.778894472361809,-0.02841380421067422,1.0874000000000001,1.0904522613065324,0.05,0.6438000000000001]
[0.8034399987789091,-0.0335832571730173,0.6776760755520118,0.7889447236180904,-0.03760727667488004,1.0874000000000001,1.1045226130653267,0.05,0.6438]
[0.8194141453970074,-0.04005534954003839,0.6779549121711695,0.7989949748743719,-0.046201692193087,1.0874000000000001,1.1185929648241206,0.05,0.6438]
[0.835262313333707,-0.04562998266711256,0.6783259276696896,0.8090452261306533,-0.05406014788988871,1.0874000000000001,1.1326633165829145,0.05,0.6438]
[0.8509182947382192,-0.05027068324556107,0.6787792055555368,0.8190954773869348,-0.06105746420201356,1.0874000000000001,1.1467336683417084,0.05,0.6438]
[0.8663261512039591,-0.05395672719787502,0.6793003323992457,0.829145728643216,-0.06708217889899017,1.0874000000000001,1.1608040201005023,0.05,0.6438]
[0.8814416020953291,-0.05667961916696723,0.6798715744463347,0.8391959798994975,-0.07203832259654004,1.0874000000000001,1.1748743718592962,0.05,0.6438]
[0.8962327242704264,-0.05844002085988101,0.6804733869965894,0.8492462311557789,-0.07584694748004073,1.0874000000000001,1.1889447236180906,0.05,0.6438]
[0.9106801745976539,-0.05924533698418931,0.6810860849863374,0.8592964824120604,-0.07844738488659232,1.0874000000000001,1.2030150753768845,0.05,0.6438]
[0.9247771069790287,-0.05910806861019571,0.6816914941820784,0.8693467336683418,-0.07979821171330712,1.0874000000000001,1.2170854271356784,0.05,0.6438]
[0.9385288937645138,-0.05804496995499783,0.6822744144407905,0.879396984924623,-0.0798779102576303,1.0874000000000001,1.2311557788944723,0.05,0.6438]
[0.9519526940007355,-0.056076989547429734,0.6828237574122297,0.8894472361809045,-0.07868521097890964,1.0874000000000001,1.2452261306532662,0.05,0.6438]
[0.9650768498436814,-0.05322993082068811,0.6833332669290586,0.8994974874371859,-0.07623911272126717,1.0874000000000001,1.25929648241206,0.05,0.6438]
[0.9779400457969372,-0.04953572169614645,0.6838017851789144,0.9095477386934674,-0.0725785800756385,1.0874000000000001,1.2733668341708544,0.05,0.6438]
[0.9905901388885856,-0.045034132822029824,0.684233083752861,0.9195979899497488,-0.06776192270178384,1.0874000000000001,1.2874371859296483,0.05,0.6438]
[1.0030825657986948,-0.03977473033657557,0.6846353271763391,0.9296482412060301,-0.06186586649722715,1.0874000000000001,1.3015075376884422,0.05,0.6438]
[1.0154782584646953,-0.03381879764475017,0.6850202698381671,0.9396984924623115,-0.05498433140873489,1.0874000000000001,1.315577889447236,0.05,0.6438]
[1.0278410537802838,-0.02724092317985849,0.6854023004710514,0.949748743718593,-0.04722693535492234,1.0874000000000001,1.32964824120603,0.05,0.6438]
[1.0402346622826988,-0.020129942079154833,0.6857974408946688,0.9597989949748744,-0.03871724809142708,1.0874000000000001,1.3437185929648243,0.05,0.6438]
[1.0527193551756908,-0.01258895325201069,0.6862223816384309,0.9698492462311559,-0.02959082283332361,1.0874000000000001,1.3577889447236182,0.05,0.6438]
[1.065348621105838,-0.004734217882437573,0.6866936041035764,0.9798994974874373,-0.019993036989624693,1.0874000000000001,1.3718592964824121,0.05,0.6438]
[1.0781661108344207,0.0033071217857482613,0.6872266066706951,0.9899497487437185,-0.010076776405417596,1.0874000000000001,1.385929648241206,0.05,0.6438]
[1.0912032067516746,0.011400400843959255,0.6878352293572314,1.0,-7.83773951454306e-17,1.0874000000000001,1.4,0.05,0.6438]
