[-1, 0.294030361697727, 0.2288060723395453, -1, 5.551115123125783e-17, 0.49999999999999994, -1, 0.1]
[-1, 0.294030361697727, 0.2288060723395453, -1, 5.551115123125783e-17, 0.49999999999999994, -1, 0.1]
[-0.9909747763957446, 0.2892408611575147, 0.2297882651585173, -1.0017471925009296, -0.005187223792132933, 0.5003359649161383, -0.9980265671203725, 0.09650366847531598]
[-0.9820444238151064, 0.2841917655158668, 0.23076453433401597, -1.0036182071701778, -0.0102372945052987, 0.5006647019641999, -0.996053134240745, 0.09300733695063196]
[-0.9732186154714649, 0.2788883330369824, 0.23173485469908806, -1.0056080296282375, -0.015143374053540715, 0.5009861890987783, -0.9940797013611176, 0.08951100542594793]
[-0.9645067636722934, 0.2733361864845528, 0.23269920124013285, -1.007711307997855, -0.019898806298331018, 0.5013004044340922, -0.9921062684814901, 0.08601467390126391]
[-0.9559180059467314, 0.26754130090172523, 0.23365754909754718, -1.0099223594589866, -0.024497132747958006, 0.5016073262446143, -0.9901328356018626, 0.08251834237657989]
[-0.9474611917262266, 0.26150999085852, 0.23460987356636617, -1.0122351775084686, -0.028932108022396263, 0.5019069329656981, -0.9881594027222351, 0.07902201085189586]
[-0.9391448695988341, 0.25524889719118726, 0.23555615009689995, -1.0146434399160735, -0.033197715052749266, 0.5021992031941989, -0.9861859698426076, 0.07552567932721184]
[-0.9309772751567019, 0.24876497325879324, 0.2364963542953668, -1.0171405173672792, -0.03728817998464898, 0.5024841156890918, -0.9842125369629802, 0.07202934780252782]
[-0.9229663194551632, 0.2420654707430776, 0.23743046192452183, -1.0197194827817628, -0.04119798675534797, 0.5027616493720852, -0.9822391040833527, 0.06853301627784379]
[-0.9151195781007353, 0.2351579250183351, 0.23835844890428168, -1.0223731212953167, -0.04492189131464647, 0.5030317833282304, -0.9802656712037252, 0.06503668475315977]
[-0.9074442809841632, 0.22805014011872987, 0.23928029131234557, -1.0250939408915856, -0.048454935460261805, 0.5032944968065272, -0.9782922383240977, 0.061540353228475744]
[-0.8999473026734651, 0.22075017333106345, 0.2401959653848116, -1.0278741836687486, -0.05179246025876405, 0.5035497692205254, -0.9763188054444703, 0.05804402170379172]
[-0.8926351534807367, 0.21326631944157304, 0.2411054475167898, -1.030705837725007, -0.05493011902378331, 0.5037975801489214, -0.9743453725648428, 0.0545476901791077]
[-0.8855139712152383, 0.20560709466584828, 0.2420087142630102, -1.0335806496455033, -0.05786388982380988, 0.5040379093361524, -0.9723719396852153, 0.051051358654423666]
[-0.8785895136340519, 0.19778122029140613, 0.24290574233842752, -1.036490137572089, -0.06059008749260644, 0.5042707366929847, -0.9703985068055878, 0.047555027129739635]
[-0.8718671516003296, 0.18979760606286866, 0.2437965086188213, -1.0394256048361625, -0.0631053751159697, 0.5044960422970988, -0.9684250739259603, 0.04405869560505561]
[-0.8653518629578808, 0.1816653333400359, 0.24468099014139197, -1.0423781541336559, -0.0654067749693783, 0.5047138063936696, -0.9664516410463329, 0.04056236408037158]
[-0.859048227129559, 0.1733936380594419, 0.245559164105353, -1.0453387022201086, -0.06749167888188831, 0.504924009395944, -0.9644782081667054, 0.03706603255568756]
[-0.8529604204456117, 0.1649918935302222, 0.24643100787251843, -1.0482979951026914, -0.0693578580025298, 0.5051266318858117, -0.9625047752870779, 0.03356970103100353]
[-0.8470922122068497, 0.15646959309530664, 0.24729649896788658, -1.0512466237049685, -0.07100347194638629, 0.505321654614375, -0.9605313424074504, 0.0300733695063195]
[-0.8414469614861879, 0.14783633268908217, 0.2481556150802195, -1.0541750399791865, -0.0724270772985195, 0.5055090585025105, -0.9585579095278229, 0.026577037981635472]
[-0.8360276146707899, 0.139101793322747, 0.24900833406261785, -1.0570735734398808, -0.07362763545492193, 0.5056888246414308, -0.9565844766481955, 0.023080706456951445]
[-0.8308367037457411, 0.13027572352859684, 0.24985463393309224, -1.0599324480916672, -0.07460451978074895, 0.5058609342932384, -0.954611043768568, 0.019584374932267418]
[-0.8258763453188611, 0.12136792179445018, 0.25069449287512946, -1.0627417997231827, -0.0753575220671883, 0.5060253688914773, -0.9526376108889405, 0.01608804340758339]
[-0.8211482403849564, 0.1123882190193306, 0.2515278892382552, -1.0654916935382932, -0.07588685826947006, 0.5061821100416796, -0.950664178009313, 0.012591711882899363]
[-0.8166536748265185, 0.10334646102138, 0.2523548015385919, -1.0681721420948838, -0.07619317350970835, 0.5063311395219078, -0.9486907451296855, 0.009095380358215336]
[-0.8123935206465741, 0.09425249112877747, 0.2531752084594131, -1.0707731235207905, -0.07627754632948487, 0.5064724392832931, -0.9467173122500581, 0.005599048833531309]
[-0.8083682379281155, 0.08511613288418894, 0.2539890888516921, -1.0732845999757306, -0.07614149217833714, 0.5066059914505694, -0.9447438793704306, 0.0021027173088472824]
[-0.8045778775132693, 0.0759471728929649, 0.2547964217346479, -1.0756965363274382, -0.07578696612560523, 0.5067317783226017, -0.9427704464908031, -0.0013936142158367448]
[-0.8010220843941085, 0.06675534384494738, 0.25559718629628586, -1.0779989190096022, -0.07521636478440177, 0.5068497823729128, -0.9407970136111756, -0.004889945740520772]
[-0.797700101805777, 0.05755030773933714, 0.25639136189393397, -1.0801817750286737, -0.07443252743781786, 0.5069599862502021, -0.9388235807315481, -0.0083862772652048]
[-0.7946107760113778, 0.04834163934161076, 0.2571789280547754, -1.0822351910861066, -0.0734387363588432, 0.5070623727788636, -0.9368501478519207, -0.011882608789888827]
[-0.7917525617668825, 0.03913880990096712, 0.2579598644763757, -1.0841493327821694, -0.07223871631687338, 0.5071569249594963, -0.9348767149722932, -0.015378940314572855]
[-0.7891235284531501, 0.02995117115622189, 0.25873415102720676, -1.0859144638670892, -0.0708366332650873, 0.5072436259694129, -0.9329032820926657, -0.018875271839256882]
[-0.7867213668609937, 0.020787939657460668, 0.2595017677471655, -1.087520965504969, -0.06923709220441099, 0.5073224591631417, -0.9309298492130382, -0.02237160336394091]
[-0.7845433966141211, 0.011658181430106138, 0.2602626948480883, -1.0889593555156678, -0.06744513422122933, 0.5073934080729261, -0.9289564163334108, -0.025867934888624936]
[-0.782586574213685, 0.0025707970073536104, 0.2610169127142613, -1.0902203075596346, -0.06546623269746768, 0.507456456409218, -0.9269829834537833, -0.029364266413308963]
[-0.7808475016871211, -0.0064654931438157155, 0.2617644019029261, -1.0912946702305413, -0.06330628869313691, 0.5075115880611681, -0.9250095505741558, -0.03286059793799299]
[-0.7793224358229341, -0.015442162778623356, 0.26250514314478074, -1.092173486020504, -0.060971625502914115, 0.5075587870971103, -0.9230361176945283, -0.03635692946267701]
[-0.7780072979720987, -0.02435089358889249, 0.2632391173444766, -1.092848010122652, -0.05846898238981718, 0.507598037765043, -0.9210626848149008, -0.039853260987361035]
[-0.7768976843957954, -0.03318358845313629, 0.2639663055811107, -1.093309729035861, -0.05580550750051909, 0.5076293244931047, -0.9190892519352734, -0.043349592512045065]
[-0.7759888771382881, -0.041932384200522324, 0.26468668910871346, -1.0935503789365797, -0.05298874996833777, 0.5076526318900463, -0.9171158190556459, -0.04684592403672909]
[-0.7752758554028755, -0.050589663867844574, 0.2654002493567317, -1.0935619637828489, -0.050026651211423766, 0.5076679447456973, -0.9151423861760184, -0.05034225556141311]
[-0.7747533074080208, -0.05914806842961449, 0.2661069679305076, -1.0933367731158539, -0.04692753543515072, 0.5076752480314293, -0.9131689532963909, -0.05383858708609714]
[-0.7744156426999754, -0.06760050798239506, 0.2668068266117528, -1.0928673995246503, -0.043700099349189246, 0.5076745269006127, -0.9111955204167634, -0.05733491861078116]
[-0.7742570048974639, -0.07594017236554632, 0.2674998073590182, -1.0921467557400584, -0.040353401111209844, 0.5076657666890714, -0.909222087537136, -0.060831250135465184]
[-0.7742712848433071, -0.084160541201624, 0.26818589230815876, -1.0911680913241548, -0.03689684851061391, 0.5076489529155309, -0.9072486546575085, -0.06432758166014921]
[-0.7744521341372006, -0.09225539334077401, 0.2688650637727943, -1.089925008922268, -0.03334018640712969, 0.5076240712820629, -0.905275221777881, -0.06782391318483323]
[-0.7747929790232668, -0.10021881569459179, 0.2695373042447652, -1.088411480044938, -0.029693483440530438, 0.5075911076745241, -0.9033017888982535, -0.07132024470951726]
[-0.7752870346054386, -0.10804521144606527, 0.27020259639458394, -1.086621860347893, -0.02596711802913247, 0.5075500481629921, -0.901328356018626, -0.07481657623420128]
[-0.775927319363232, -0.1157293076233911, 0.27086092307188164, -1.0845509043787835, -0.022171763676107542, 0.5075008790021952, -0.8993549231389986, -0.0783129077588853]
[-0.7767066699400055, -0.12326616202664417, 0.2715122673058504, -1.0821937797601202, -0.018318373603997254, 0.5074435866319384, -0.8973814902593711, -0.08180923928356933]
[-0.7776177561753979, -0.13065116949748712, 0.27215661230568045, -1.0795460807786514, -0.014418164739140163, 0.5073781576775244, -0.8954080573797436, -0.08530557080825335]
[-0.7786530963532896, -0.1378800675233293, 0.2727939414609934, -1.0766038413522623, -0.010482601069017938, 0.5073045789501694, -0.8934346245001161, -0.08880190233293737]
[-0.7798050726363264, -0.14494894116857826, 0.2734242383422701, -1.0733635473463612, -0.006523376396787267, 0.5072228374474157, -0.8914611916204886, -0.0922982338576214]
[-0.7810659466577956, -0.15185422732687337, 0.27404748670127443, -1.0698221482126737, -0.002552396518491734, 0.5071329203535384, -0.8894877587408612, -0.09579456538230542]
[-0.782427875241459, -0.1585927182894424, 0.27466367047147183, -1.065977067924375, 0.0014182391503633762, 0.5070348150399471, -0.8875143258612337, -0.09929089690698945]
[-0.7838829262197912, -0.16516156462598308, 0.275272773768444, -1.0618262151825233, 0.005376256471040564, 0.5069285090655845, -0.8855408929816062, -0.10278722843167347]
[-0.7854230943209981, -0.17155827737573304, 0.27587478089029766, -1.0573679928698874, 0.00930922597166206, 0.5068139901773185, -0.8835674601019787, -0.10628355995635749]
[-0.7870403170951459, -0.17778072954765659, 0.27646967631807, -1.0526013067293924, 0.013204582701160511, 0.5066912463103307, -0.8815940272223513, -0.10977989148104152]
[-0.7887264908497549, -0.18382715692993984, 0.2770574447161285, -1.047525573245617, 0.017049646516062944, 0.5065602655884999, -0.8796205943427238, -0.11327622300572554]
[-0.790473486565283, -0.18969615821024588, 0.27763807093256593, -1.0421407267090093, 0.020831642768116304, 0.5064210363247803, -0.8776471614630963, -0.11677255453040956]
[-0.7922731657610524, -0.19538669440943693, 0.27821153999959153, -1.03644722544379, 0.024537723359839475, 0.506273547021576, -0.8756737285834688, -0.12026888605509359]
[-0.7941173962823462, -0.20089808763271771, 0.2787778371339164, -1.0304460571818161, 0.02815498813421835, 0.5061177863711097, -0.8737002957038413, -0.12376521757977761]
[-0.7959980679796389, -0.2062300191433919, 0.2793369477371349, -1.0241387435660605, 0.03167050656394774, 0.5059537432557869, -0.8717268628242139, -0.12726154910446164]
[-0.7979071082512044, -0.21138252676564814, 0.2798888573961007, -1.0175273437687569, 0.035071339704860566, 0.505781406748556, -0.8697534299445864, -0.13075788062914567]
[-0.7998364974206796, -0.21635600162400564, 0.2804335518832986, -1.0106144572106934, 0.038344562377483626, 0.5056007661132629, -0.8677799970649589, -0.1342542121538297]
[-0.80177828392155, -0.22115118422824148, 0.280971017157211, -1.003403225369614, 0.04147728554001373, 0.5054118108050003, -0.8658065641853314, -0.13775054367851375]
[-0.8037245992609545, -0.22576915991380125, 0.2815012393626803, -0.9958973326671683, 0.04445667881542359, 0.5052145304704535, -0.8638331313057039, -0.14124687520319779]
[-0.8056676727356951, -0.23021135364884832, 0.2820242048312655, -0.9881010064253937, 0.047269993134879784, 0.5050089149482409, -0.8618596984260765, -0.14474320672788182]
[-0.8075998458738685, -0.2344795242202421, 0.2825399000815952, -0.9800190158852454, 0.049904583459197904, 0.5047949542692483, -0.859886265546449, -0.14823953825256586]
[-0.8095135865761147, -0.23857575781184426, 0.28304831181971446, -0.97165667028127, 0.0523479315396555, 0.5045726386569606, -0.8579128326668215, -0.1517358697772499]
[-0.8114015029311072, -0.2425024609896332, 0.28354942693942814, -0.9630198159681079, 0.054587668679155016, 0.5043419585277875, -0.855939399787194, -0.15523220130193394]
[-0.8132563566805747, -0.2462623531091626, 0.2840432325226383, -0.9541148325961109, 0.05661159845445485, 0.5041029044913837, -0.8539659669075665, -0.15872853282661797]
[-0.8150710763098646, -0.24985845816192287, 0.2845297158396774, -0.94494862833499, 0.058407719359987176, 0.5038554673509652, -0.8519925340279391, -0.162224864351302]
[-0.8168387697408119, -0.2532940960781551, 0.28500886434963635, -0.9355286341460375, 0.05996424733364247, 0.5035996381036205, -0.8500191011483116, -0.16572119587598605]
[-0.8185527366044716, -0.2565728735046269, 0.2854806657006881, -0.9258627971051052, 0.06126963812483477, 0.5033354079406172, -0.8480456682686841, -0.1692175274006701]
[-0.8202064800721173, -0.2596986740767989, 0.2859451077304055, -0.9159595727801776, 0.062312609465156266, 0.5030627682477024, -0.8460722353890566, -0.17271385892535412]
[-0.8217937182237746, -0.2626756482056998, 0.28640217846607546, -0.9058279166690187, 0.06308216300200148, 0.5027817106054001, -0.8440988025094291, -0.17621019045003816]
[-0.8233083949344736, -0.2655082024006693, 0.2868518661250071, -0.8954772747040283, 0.06356760595567329, 0.5024922267893022, -0.8421253696298017, -0.1797065219747222]
[-0.82474469025935, -0.2682009881499405, 0.28729415911483586, -0.8849175728330914, 0.06375857246068906, 0.5021943087703551, -0.8401519367501742, -0.18320285349940624]
[-0.8260970302996982, -0.27075889038179207, 0.28772904603382193, -0.8741592056868441, 0.06364504455227593, 0.5018879487151414, -0.8381785038705467, -0.18669918502409028]
[-0.8273600965330928, -0.2731870155297288, 0.28815651567114464, -0.8632130243444192, 0.06321737275938677, 0.501573138986157, -0.8362050709909192, -0.1901955165487743]
[-0.8285288345917314, -0.27549067922582093, 0.28857655700719104, -0.8520903232113513, 0.062466296265975885, 0.5012498721420819, -0.8342316381112918, -0.19369184807345835]
[-0.8295984624742139, -0.2776753936469708, 0.28898915921384016, -0.8408028260249408, 0.06138296260275122, 0.5009181409380483, -0.8322582052316643, -0.1971881795981424]
[-0.8305644781770687, -0.2797468545394576, 0.2893943116547423, -0.8293626710039618, 0.05995894683216324, 0.5005779383259015, -0.8302847723520368, -0.20068451112282643]
[-0.8314226667334449, -0.28171092794765196, 0.28979200388559295, -0.8177823951611733, 0.05818627019000289, 0.5002292574544573, -0.8283113394724093, -0.20418084264751044]
[-0.8321691066475267, -0.2835736366732835, 0.2901822256544021, -0.8060749177986525, 0.05605741814765497, 0.49987209166975344, -0.8263379065927818, -0.20767717417219447]
[-0.8328001757143783, -0.2853411464920829, 0.2905649669017586, -0.7942535232074828, 0.05356535785980082, 0.49950643451529686, -0.8243644737131544, -0.2111735056968785]
[-0.8333125562161002, -0.28701975215501646, 0.2909402177610895, -0.7823318425948431, 0.05070355496316342, 0.4991322797323062, -0.8223910408335269, -0.21466983722156252]
[-0.8337032394863616, -0.288615863201668, 0.2913079685589143, -0.7703238352629981, 0.047465989692765276, 0.4987496212599474, -0.8204176079538994, -0.21816616874624656]
[-0.8339695298365715, -0.290135989613616, 0.29166820981509434, -0.7582437690661384, 0.04384717228309554, 0.4983584532355668, -0.8184441750742719, -0.2216625002709306]
[-0.8341090478381612, -0.2915867273358921, 0.2920209322430771, -0.7461062001724101, 0.03984215762257859, 0.4979587699949177, -0.8164707421946444, -0.22515883179561463]
[-0.8341197329566669, -0.29297474369479254, 0.29236612675013607, -0.7339259521598367, 0.03544655913078881, 0.49755056607238235, -0.814497309315017, -0.22865516332029867]
[-0.8339998455345242, -0.29430676274045114, 0.29270378443760436, -0.7217180944761616, 0.030656561828962536, 0.4971338362011888, -0.8125238764353895, -0.23215149484498268]
[-0.8337479681207146, -0.2955895505426626, 0.2930338966011046, -0.7094979202939115, 0.02546893457553162, 0.49670857531362256, -0.810550443555762, -0.23564782636966672]
[-0.8333630061466288, -0.2968299004684759, 0.29335645473077354, -0.6972809237932135, 0.019881041439616887, 0.49627477854123425, -0.8085770106761344, -0.23914415789435073]
[-0.8328441879487468, -0.29803461847005486, 0.29367145051148075, -0.6850827769060885, 0.013890852186699831, 0.4958324412150402, -0.8066035777965069, -0.24264048941903477]
[-0.8321910641399507, -0.29921050841122826, 0.29397887582304355, -0.6729193055570682, 0.007496951852011824, 0.49538155886572066, -0.8046301449168793, -0.24613682094371878]
[-0.8314035063325164, -0.3003643574610233, 0.2942787227404361, -0.6608064654360745, 0.0006985493785589547, 0.49492212722381, -0.8026567120372519, -0.2496331524684028]
[-0.8304817052170342, -0.3015029215822997, 0.2945709835339937, -0.6487603173405175, -0.006504514701883679, 0.49445414221988476, -0.8006832791576243, -0.2531294839930868]
[-0.8294261680027203, -0.30263291114336865, 0.29485565066961217, -0.6367970021245484, -0.014111761565002878, 0.49397759998474433, -0.7987098462779967, -0.25662581551777086]
[-0.8282377152257648, -0.3037609766802011, 0.2951327168089419, -0.6249327152943073, -0.02212206838609382, 0.493492496849588, -0.7967364133983692, -0.2601221470424549]
[-0.8269174769335488, -0.3048936948364962, 0.29540217480957703, -0.6131836812888637, -0.03053366364526028, 0.492998829346186, -0.7947629805187416, -0.26361847856713894]
[-0.8254668882537194, -0.3060375545085011, 0.29566401772524, -0.6015661274873382, -0.0393441234612229, 0.4924965942070469, -0.7927895476391141, -0.267114810091823]
[-0.8238876843582579, -0.307198943221039, 0.29591823880595974, -0.5900962579834126, -0.04855036896766668, 0.49198578836557716, -0.7908161147594865, -0.270611141616507]
[-0.822181894833803, -0.30838413376072543, 0.2961648314982467, -0.5787902271691092, -0.058148664744402834, 0.4914664089562395, -0.7888426818798591, -0.27410747314119105]
[-0.8203518374705889, -0.30959927109182594, 0.29640378944526086, -0.5676641131703022, -0.06813461831393852, 0.4909384533147022, -0.7868692490002315, -0.2776038046658751]
[-0.8184001114834429, -0.31085035957963314, 0.2966351064869764, -0.5567338911769619, -0.07850318071233128, 0.4904019189779863, -0.784895816120604, -0.2811001361905591]
[-0.8180653375286974, -0.31106143334287106, 0.29667267717934687, -0.5549437417054941, -0.08025686777485608, 0.49031223492623577, -0.7845689943060279, -0.28167916648089886]
[-0.8180653375286974, -0.31106143334287106, 0.29667267717934687, -0.5549437417054941, -0.08025686777485608, 0.49031223492623577, -0.7845689943060279, -0.28167916648089886]
[-0.7995719379699302, -0.31135668847889053, 0.2970587714764207, -0.5391994791400287, -0.07919036566184964, 0.4927753554249581, -0.7682944713416368, -0.2834675083146109]
[-0.7811026889729267, -0.3116156736787135, 0.297421172586773, -0.5234931908400473, -0.0781252676354951, 0.4952078676840394, -0.7520199483772456, -0.285255850148323]
[-0.7626582069337805, -0.3118388075798102, 0.2977598516055606, -0.5078249641087279, -0.07706217208159066, 0.4976096696575268, -0.7357454254128545, -0.28704419198203507]
[-0.7442391010173776, -0.3120265192744163, 0.29807478151999683, -0.4921948765647413, -0.07600168038148908, 0.49998066143843034, -0.7194709024484633, -0.28883253381574714]
[-0.7258459729800748, -0.31217924818463605, 0.298365937211506, -0.4766029960701487, -0.07494439675346204, 0.5023207452634537, -0.7031963794840722, -0.2906208756494592]
[-0.7074794169945363, -0.3122974439345376, 0.2986332954577266, -0.46104938066092116, -0.07389092809254144, 0.5046298255175633, -0.6869218565196811, -0.2924092174831713]
[-0.6891400194767762, -0.3123815662192792, 0.2988768349343637, -0.44553407848010973, -0.07284188380888265, 0.5069078087383986, -0.6706473335552899, -0.29419755931688335]
[-0.6708283589154604, -0.3124320846713031, 0.2990965362168897, -0.4300571277136964, -0.07179787566469156, 0.5091546036205223, -0.6543728105908988, -0.2959859011505954]
[-0.652545005703516, -0.31244947872363654, 0.2992923817820937, -0.41461855652915347, -0.07075951760976129, 0.5113701210195086, -0.6380982876265077, -0.2977742429843075]
[-0.6342905219720969, -0.31243423747033977, 0.2994643560094791, -0.3992183830167405, -0.06972742561566458, 0.5135542739558714, -0.6218237646621165, -0.29956258481801956]
[-0.6160654614269554, -0.3123868595241419, 0.2996124451825094, -0.38385661513356534, -0.06870221750864702, 0.515706977618832, -0.6055492416977254, -0.30135092665173163]
[-0.5978703691872658, -0.3123078528713052, 0.2997366374897022, -0.36853325065043363, -0.06768451280126622, 0.5178281493699244, -0.5892747187333343, -0.3031392684854437]
[-0.579705781626948, -0.31219773472376083, 0.29983692302557147, -0.3532482771015165, -0.06667493252282627, 0.5199177087464403, -0.5730001957689431, -0.3049276103191558]
[-0.5615722262185371, -0.31205703136855917, 0.29991329379141746, -0.3380016717368569, -0.06567409904865276, 0.5219755774647115, -0.556725672804552, -0.30671595215286784]
[-0.5434702213796438, -0.31188627801467783, 0.2999657436959647, -0.32279340147774094, -0.06468263592825768, 0.524001679423232, -0.5404511498401607, -0.3085042939865799]
[-0.525400276322052, -0.3116860186372326, 0.29999426855584765, -0.30762342287495764, -0.06370116771244083, 0.5259959407056165, -0.5241766268757695, -0.310292635820292]
[-0.5073628909034944, -0.31145680581913626, 0.2999988660959449, -0.29249168206996673, -0.06273031977937762, 0.5279582895833989, -0.5079021039113782, -0.31208097765400405]
[-0.489358555482153, -0.3111992005902519, 0.29997953594955995, -0.27739811475899906, -0.06177071815974361, 0.5298886565186665, -0.49162758094698705, -0.3138693194877161]
[-0.47138775077392425, -0.3109137722640869, 0.29993627965845093, -0.26234264616010805, -0.06082298936092184, 0.5317869741665344, -0.47535305798259586, -0.3156576613214282]
[-0.4534509477124913, -0.31060109827207555, 0.29986910067270744, -0.24732519098319472, -0.05988776019034647, 0.5336531773774554, -0.45907853501820467, -0.31744600315514027]
[-0.43554860731224365, -0.31026176399549815, 0.29977800435047547, -0.2323456534030205, -0.05896565757803163, 0.5354872031993696, -0.4428040120538135, -0.31923434498885234]
[-0.41768118053408543, -0.3098963625950864, 0.2996629979575299, -0.21740392703523165, -0.05805730839833606, 0.5372889908796892, -0.4265294890894223, -0.3210226868225644]
[-0.39984910815416924, -0.30950549483836365, 0.2995240906666951, -0.202499894915408, -0.05716333929101575, 0.5390584818671238, -0.4102549661250311, -0.3228110286562765]
[-0.3820528206355956, -0.3090897689247706, 0.2993612935571134, -0.18763342948115436, -0.05628437648161483, 0.5407956198133407, -0.3939804431606399, -0.32459937048998855]
[-0.3642927380031145, -0.3086498003086279, 0.2991746196133611, -0.17280439255725083, -0.055421045601247, 0.5425003505744633, -0.3777059201962487, -0.3263877123237006]
[-0.3465692697208656, -0.30818621151998626, 0.2989640837244132, -0.15801263534387391, -0.05457397150582016, 0.5441726222124081, -0.3614313972318575, -0.3281760541574127]
[-0.3288828145731929, -0.3076996319834172, 0.2987297026824555, -0.14325799840790485, -0.05374377809475683, 0.5458123849960576, -0.34515687426746633, -0.32996439599112476]
[-0.3112337605485684, -0.30719069783479636, 0.2984714951815459, -0.12854031167733684, -0.05293108812926145, 0.5474195914022717, -0.32888235130307514, -0.33175273782483683]
[-0.2936224847266586, -0.3066600517361333, 0.2981894818161224, -0.11385939443879306, -0.05213652305019001, 0.5489941961167363, -0.31260782833868395, -0.3335410796585489]
[-0.2760493531685666, -0.306108342688501, 0.2978836850793616, -0.09921505533816655, -0.05136070279557303, 0.5505361560346492, -0.29633330537429275, -0.33532942149226097]
[-0.25851472081028204, -0.30553622584312046, 0.29755412936138353, -0.08460709238439115, -0.0506042456178471, 0.5520454302612436, -0.28005878240990156, -0.33711776332597304]
[-0.24101893135936953, -0.30494436231065497, 0.29720084094730737, -0.07003529295635558, -0.04986776790084896, 0.55352198011215, -0.26378425944551037, -0.3389061051596851]
[-0.22356231719492584, -0.3043334189687688, 0.29682384801515427, -0.05549943381296474, -0.0491518839766229, 0.554965769113595, -0.24750973648111918, -0.3406944469933972]
[-0.20614519927083533, -0.303704068268008, 0.2964231806336003, -0.04099928110635953, -0.04845720594210107, 0.5563767630024374, -0.231235213516728, -0.34248278882710925]
[-0.18876788702235064, -0.3030569880360578, 0.2959988707595777, -0.02653459039829742, -0.047784343475705704, 0.5577549297260439, -0.2149606905523368, -0.3442711306608213]
[-0.17143067827602745, -0.3023928612804357, 0.29555095223572664, -0.012105106679703964, -0.04713390365393172, 0.5591002394420014, -0.1986861675879456, -0.3460594724945334]
[-0.15413385916303826, -0.3017123759896757, 0.29507946078769537, 0.0022894356066038013, -0.046506490767961706, 0.5604126645176677, -0.18241164462355441, -0.34784781432824546]
[-0.13687770403589067, -0.30101622493306335, 0.2945844340212913, 0.016649312540018613, -0.04590270614037001, 0.5616921795295611, -0.16613712165916322, -0.34963615616195753]
[-0.11966247538857522, -0.3003051054589782, 0.2940659114194812, 0.030974810693062016, -0.04532314794196979, 0.5629387612625874, -0.14986259869477203, -0.3514244979956696]
[-0.10248842378016454, -0.2995797192919038, 0.2935239343392422, 0.04526622709912659, -0.04476841100885842, 0.5641523887091062, -0.13358807573038084, -0.3532128398293817]
[-0.0853557877618878, -0.2988407723281635, 0.2929585460082632, 0.05952386921703269, -0.044239086659715765, 0.565333043067836, -0.11731355276598963, -0.3550011816630937]
[-0.06826479380770024, -0.2980889744304421, 0.2923697915214971, 0.07374805489240678, -0.043735762513413046, 0.566480707742598, -0.10103902980159843, -0.3567895234968057]
[-0.05121565624836864, -0.29732503922115217, 0.291757717837564, 0.08793911231587816, -0.04325902230698209, 0.5675953683408983, -0.08476450683720722, -0.3585778653305178]
[-0.03420857720909205, -0.2965496838747066, 0.29112237377500566, 0.10209737997809816, -0.0428094457140078, 0.5686770126723509, -0.06848998387281602, -0.36036620716422985]
[-0.01724374655067539, -0.2957636289087563, 0.29046381000839216, 0.11622320662158489, -0.042387608163491075, 0.5697256307469396, -0.05221546090842481, -0.36215454899794186]
[-0.00032134181427382474, -0.2949675979744558, 0.28978207906427983, 0.1303169511893962, -0.04199408065924515, 0.5707412147731192, -0.03594093794403361, -0.36394289083165393]
[0.01655847183027692, -0.29416231764581513, 0.28907723531702184, 0.14437898277063788, -0.04162942959987348, 0.5717237591557575, -0.019666414979642406, -0.365731232665366]
[0.03339554163252845, -0.2933485172082021, 0.2883493349844314, 0.15840968054281176, -0.04129421659939103, 0.5726732604939169, -0.0033918920152512036, -0.367519574499078]
[0.05018972730587237, -0.29252692844605477, 0.2875984361232976, 0.17240943371101128, -0.040988998308538804, 0.5735897175784772, 0.012882630949140002, -0.3693079163327901]
[0.06694090106836421, -0.291698285429866, 0.28682459862475534, 0.18637864144397093, -0.04071432623684995, 0.5744731313895994, 0.029157153913531204, -0.3710962581665021]
[0.08364894767990755, -0.2908633243025032, 0.2860278842095082, 0.2003177128069814, -0.0404707465755208, 0.5753235050940297, 0.045431676877922406, -0.3728846000002141]
[0.10031376447578683, -0.29002278306492457, 0.2852083564229053, 0.21422706669167801, -0.04025880002114432, 0.5761408440422451, 0.06170619984231361, -0.3746729418339262]
[0.11693526139653898, -0.28917740136135384, 0.2843660806298737, 0.2281071317427126, -0.04007902160035656, 0.5769251557654428, 0.07798072280670482, -0.37646128366763826]
[0.13351336101415603, -0.28832792026397747, 0.2835011240097042, 0.24195834628132318, -0.0399319404954554, 0.5776764499723686, 0.09425524577109602, -0.3782496255013503]
[0.15004799855461032, -0.2874750820572256, 0.2826135555506936, 0.25578115822581227, -0.03981807987104238, 0.5783947385459899, 0.11052976873548723, -0.38003796733506234]
[0.16653912191669581, -0.28661963002170016, 0.28170344604464237, 0.2695760250089476, -0.039737956701745014, 0.5790800355400108, 0.12680429169987842, -0.38182630916877436]
[0.18298669168718032, -0.2857623082178132, 0.2807708680812079, 0.2833434134923002, -0.03969208160107204, 0.5797323571752305, 0.1430788146642696, -0.3836146510024864]
[0.19939068115226416, -0.2849038612691981, 0.27981589604211504, 0.29708379987753586, -0.03968095865145596, 0.5803517218357455, 0.15935333762866083, -0.38540299283619844]
[0.21575107630534152, -0.2840450341459565, 0.27883860609522354, 0.31079766961467525, -0.03970508523553665, 0.5809381500649944, 0.17562786059305202, -0.3871913346699105]
[0.23206787585106323, -0.2831865719478047, 0.2778390761884529, 0.3244855173073419, -0.03976495186873996, 0.5814916645616499, 0.1919023835574432, -0.38897967650362253]
[0.2483410912056983, -0.2823292196871823, 0.27681738604356515, 0.33814784661501424, -0.03986104203320462, 0.5820122901753518, 0.2081769065218344, -0.39076801833733454]
[0.26457074649379564, -0.28147372207238613, 0.2757736171498066, 0.35178517015230304, -0.0399938320131106, 0.582500053902289, 0.2244514294862256, -0.3925563601710466]
[0.2807568785411455, -0.28062082329079285, 0.2747078527574081, 0.3653980093852732, -0.04016379073146062, 0.5829549848806244, 0.2407259524506168, -0.3943447020047587]
[0.2968995368640446, -0.2797712667922327, 0.27362017787094506, 0.37898689452483253, -0.04037137958836848, 0.5833771143857663, 0.257000475415008, -0.3961330438384707]
[0.31299878365486516, -0.27892579507257853, 0.2725106792425575, 0.39255236441720687, -0.04061705230090662, 0.5837664758254881, 0.27327499837939917, -0.3979213856721827]
[0.32905469376393565, -0.27808514945761276, 0.27137944536503117, 0.40609496643152854, -0.04090125474456374, 0.5841231047348932, 0.28954952134379036, -0.3997097275058948]
[0.3450673546777349, -0.2772500698872336, 0.2702265664647389, 0.4196152563445581, -0.04122442479636437, 0.5844470387712275, 0.30582404430818155, -0.40149806933960686]
[0.3610368664934091, -0.27642129470006627, 0.26905213449444454, 0.4331137982225675, -0.04158699217970169, 0.584738317708541, 0.32209856727257274, -0.40328641117331887]
[0.37696334188961655, -0.2755995604185397, 0.2678562431259687, 0.446591164300408, -0.041989378310934716, 0.5849969834321975, 0.33837309023696394, -0.40507475300703094]
[0.3928469060937107, -0.27478560153449155, 0.26663898774271766, 0.46004793485779133, -0.042431996147798995, 0.5852230799332323, 0.3546476132013551, -0.406863094840743]
[0.4086876968452691, -0.27398015029536493, 0.2654004654320756, 0.4734846980928102, -0.04291525003968241, 0.5854166533025609, 0.3709221361657463, -0.408651436674455]
[0.42448586435598096, -0.2731839364910586, 0.26414077497766125, 0.4869020499927277, -0.04343953557981467, 0.5855777517250367, 0.3871966591301375, -0.4104397785081671]
[0.4402415712659029, -0.2723976872414916, 0.2628600168514484, 0.5003005942020644, -0.04400523945941881, 0.5857064254733607, 0.4034711820945287, -0.4122281203418791]
[0.4559549925960975, -0.2716221267849464, 0.2615582932057528, 0.5136809418880135, -0.04461273932387594, 0.5858027269018407, 0.41974570505891995, -0.4140164621755912]
[0.4716263156976668, -0.27085797626724994, 0.2602357078650846, 0.5270437116032147, -0.045262403630948106, 0.5858667104400035, 0.4360202280233112, -0.4158048040093032]
[0.487255740197197, -0.27010595353185574, 0.258892366317867, 0.5403895291459194, -0.04595459151111017, 0.5858984325860592, 0.45229475098770244, -0.41759314584301527]
[0.5028434779386292, -0.269366772910886, 0.25752837570802295, 0.5537190274175796, -0.04668965263003452, 0.5858979519002185, 0.4685692739520937, -0.41938148767672734]
[0.5183897529215736, -0.26864114501719794, 0.2561438448264292, 0.5670328462778942, -0.04746792705327918, 0.5858653289978633, 0.48484379691648494, -0.42116982951043935]
[0.5338948012360855, -0.2679297765375308, 0.25473888410223944, 0.5803316323973471, -0.04828974511322154, 0.5858006265425718, 0.5011183198808762, -0.4229581713441514]
[0.5493588709939202, -0.267233370026797, 0.2533136055940762, 0.5936160391072719, -0.04915542727828626, 0.5857039092389988, 0.5173928428452674, -0.42474651317786344]
[0.5647822222562904, -0.2665526237035759, 0.2518681229810934, 0.6068867262474812, -0.05006528402451127, 0.5855752438256104, 0.5336673658096587, -0.4265348550115755]
[0.5801651269581426, -0.26588823124686956, 0.2504025515539096, 0.6201443600114942, -0.0510196157094954, 0.5854146990672766, 0.5499418887740499, -0.4283231968452876]
[0.5955078688289791, -0.26524088159418036, 0.2489170082054119, 0.6333896127894038, -0.05201871244877376, 0.5852223457477181, 0.5662164117384412, -0.4301115386789996]
[0.6108107433102444, -0.2646112587409686, 0.24741161142143317, 0.6466231630084184, -0.05306285399466146, 0.5849982566618136, 0.5824909347028324, -0.43189988051271166]
[0.6260740574693038, -0.2640000415415493, 0.24588648127130147, 0.659845694971121, -0.05415230961761108, 0.5847425066077632, 0.5987654576672237, -0.4336882223464237]
[0.6412981299100364, -0.26340790351148535, 0.2443417393982636, 0.6730578986914825, -0.05528733799012342, 0.5844551723791114, 0.6150399806316149, -0.43547656418013575]
[0.6564832906800705, -0.26283551263153393, 0.24277750900978254, 0.6862604697286722, -0.05646818707325402, 0.5841363327566288, 0.6313145035960062, -0.4372649060138478]
[0.6716298811746864, -0.26228353115320646, 0.24119391486771105, 0.6994541090187055, -0.057695094005757785, 0.5837860685000564, 0.6475890265603974, -0.43905324784755984]
[0.6867382540374174, -0.2617526154059935, 0.23959108327834022, 0.7126395227039739, -0.05896828499590695, 0.5834044623397079, 0.6638635495247887, -0.4408415896812719]
[0.7018087730573749, -0.26124341560631614, 0.23796914208232595, 0.7258174219606949, -0.060287975216028966, 0.5829915989679364, 0.6801380724891799, -0.4426299315149839]
[0.7168418130633293, -0.2607565756682554, 0.23632822064449174, 0.7389885228243321, -0.06165436869979468, 0.5825475650304607, 0.6964125954535711, -0.444418273348696]
[0.7318377598145772, -0.26029273301611683, 0.23466844984351148, 0.7521535460130253, -0.06306765824230298, 0.5820724491175592, 0.7126871184179624, -0.446206615182408]
[0.7467970098886269, -0.25985251839888457, 0.23298996206146988, 0.7653132167490769, -0.06452802530299162, 0.5815663417551226, 0.7289616413823536, -0.4479949570161201]
[0.7617199705657336, -0.25943655570661794, 0.23129289117330454, 0.7784682645785418, -0.06603563991141698, 0.5810293353955762, 0.7452361643467449, -0.4497832988498321]
[0.77660705971032, -0.25904546178884585, 0.2295773725361273, 0.7916194231889648, -0.06759066057593374, 0.5804615244086639, 0.7615106873111361, -0.45157164068354416]
[0.7914587056493148, -0.25867984627500973, 0.22784354297842924, 0.8047674302253156, -0.06919323419531351, 0.5798630050721022, 0.7777852102755274, -0.4533599825172562]
[0.8062753470474462, -0.2583403113970084, 0.22609154078916652, 0.8179130271041658, -0.07084349597333137, 0.5792338755620977, 0.7940597332399186, -0.4551483243509682]
[0.8210574327795253, -0.2580274518138981, 0.22432150570673104, 0.8310569588261598, -0.07254156933636183, 0.5785742359437361, 0.8103342562043099, -0.45693666618468026]
[0.8358054217997573, -0.2577418544387936, 0.22253357890780462, 0.8441999737868259, -0.07428756585400578, 0.5778841881612373, 0.8266087791687011, -0.4587250080183923]
[0.850519783008119, -0.25748409826802876, 0.22072790299609948, 0.8573428235857782, -0.07608158516279315, 0.5771638360280827, 0.8428833021330924, -0.46051334985210435]
[0.8652009951138404, -0.2572547542126171, 0.21890462199098337, 0.8704862628343603, -0.07792371489297859, 0.5764132852170103, 0.8591578250974835, -0.46230169168581636]
[0.8798495464960308, -0.25705438493207033, 0.21706388131599375, 0.8836310489617807, -0.07981403059847433, 0.575632643249884, 0.8754323480618748, -0.46409003351952843]
[0.8944659350614894, -0.25688354467061514, 0.21520582778723793, 0.8967779420197903, -0.08175259568993587, 0.5748220194874331, 0.8917068710262659, -0.46587837535324045]
[0.8955631181697212, -0.25687191377342933, 0.2150654937996752, 0.8977660795316995, -0.08190023587635159, 0.5747598903297282, 0.8929299535229802, -0.46601277496665716]
[0.8955631181697212, -0.25687191377342933, 0.2150654937996752, 0.8977660795316995, -0.08190023587635159, 0.5747598903297282, 0.8929299535229802, -0.46601277496665716]
[0.8897155481805199, -0.24685745987944108, 0.2151722478713651, 0.8859999065601243, -0.07047964119170166, 0.5741667590860963, 0.8941184470880891, -0.45585869965373893]
[0.8838803559720371, -0.23707958118395378, 0.2152789458593656, 0.8741541694617913, -0.059500178670337966, 0.5735678754941997, 0.8953069406531979, -0.4457046243408207]
[0.8780654913483598, -0.2275376027926119, 0.21538558773586639, 0.8622440313164641, -0.0489657787667698, 0.5729632507218851, 0.8964954342183068, -0.43555054902790247]
[0.8722788727107319, -0.21823058282412003, 0.21549217347307173, 0.8502848305100283, -0.038879845982018435, 0.5723528960272202, 0.8976839277834157, -0.42539647371498424]
[0.8665283780963148, -0.2091573137593655, 0.21559870304320053, 0.8382920623317578, -0.02924525146829121, 0.5717368227583145, 0.8988724213485245, -0.415242398402066]
[0.860821836272182, -0.200316324091141, 0.2157051764184863, 0.8262813602701603, -0.020064326282890343, 0.5711150423531395, 0.9000609149136334, -0.4050883230891478]
[0.8551670178946247, -0.19170588027227642, 0.21581159357117727, 0.814268477030485, -0.011338855303361206, 0.5704875663393464, 0.9012494084787422, -0.39493424777622954]
[0.8495716267437619, -0.18332398895965438, 0.21591795447353626, 0.8022692652974452, -0.003070071815062775, 0.5698544063340825, 0.9024379020438511, -0.3847801724633113]
[0.8440432910433497, -0.17516839955124672, 0.21602425909784073, 0.7902996582671509, 0.004741347218506081, 0.5692155740438067, 0.90362639560896, -0.3746260971503931]
[0.8385895548755816, -0.16723660701298027, 0.21613050741638296, 0.7783756499726561, 0.012095285193149147, 0.5685710812641036, 0.9048148891740688, -0.36447202183747485]
[0.8332178697005476, -0.15952585499191294, 0.21623669940146967, 0.7665132754279063, 0.018992189200590426, 0.5679209398794953, 0.9060033827391777, -0.3543179465245566]
[0.8279355859898954, -0.152033139211878, 0.2163428350254225, 0.7547285906152148, 0.025433072656563555, 0.5672651618632527, 0.9071918763042865, -0.3441638712116384]
[0.8227499449840967, -0.1447552111474378, 0.21644891426057764, 0.7430376523417194, 0.031419517213577414, 0.5666037592772053, 0.9083803698693954, -0.33400979589872015]
[0.8176680705825657, -0.13768858197167497, 0.216554937079286, 0.731456497990542, 0.036953673952481725, 0.5659367442715489, 0.9095688634345043, -0.3238557205858019]
[0.8126969613757242, -0.130829526773041, 0.21666090345391317, 0.7200011251926348, 0.0420382638478885, 0.5652641290846528, 0.9107573569996131, -0.3137016452728837]
[0.8078434828279292, -0.1241740890361828, 0.21676681335683953, 0.708687471445502, 0.046676577503441785, 0.564585926042865, 0.911945850564722, -0.30354756995996546]
[0.8031143596200017, -0.11771808538136957, 0.2168726667604601, 0.6975313937051701, 0.050872474153884656, 0.5639021475603159, 0.9131343441298309, -0.2933934946470472]
[0.7985161681599052, -0.11145711055685639, 0.21697846363718473, 0.6865486479779292, 0.05463037993182315, 0.5632128061387218, 0.9143228376949397, -0.283239419334129]
[0.7940553292699177, -0.10538654267823605, 0.21708420395943787, 0.6757548689384715, 0.05795528539805542, 0.5625179143671848, 0.9155113312600486, -0.27308534402121076]
[0.7897381010584348, -0.09950154870855679, 0.2171898876996588, 0.6651655496011357, 0.06085274233530205, 0.5618174849219939, 0.9166998248251574, -0.26293126870829253]
[0.7855705719843233, -0.09379709017271695, 0.2172955148303015, 0.654796021071006, 0.06332885980614442, 0.5611115305664224, 0.9178883183902663, -0.2527771933953743]
[0.781558654121513, -0.08826792909938463, 0.21740108532383473, 0.6446614324016107, 0.06539029947695665, 0.5604000641505256, 0.9190768119553752, -0.24262311808245607]
[0.7777080766312825, -0.08290863418344113, 0.2175065991527421, 0.6347767305859503, 0.0670442702105915, 0.5596830986109363, 0.920265305520484, -0.23246904276953784]
[0.774024379449448, -0.0777135871617016, 0.21761205628952174, 0.6251566407075029, 0.06829852193155639, 0.5589606469706588, 0.9214537990855929, -0.2223149674566196]
[0.7705129071954121, -0.07267698939443124, 0.21771745670668685, 0.615815646277761, 0.06916133876839284, 0.5582327223388626, 0.9226422926507017, -0.21216089214370137]
[0.7671788033097708, -0.06779286864494927, 0.21782280037676524, 0.6067679697867145, 0.06964153147894353, 0.5574993379106729, 0.9238307862158106, -0.20200681683078314]
[0.7640270044269066, -0.0630550860493948, 0.21792808727229948, 0.5980275534925193, 0.06974842916515997, 0.5567605069669613, 0.9250192797809195, -0.1918527415178649]
[0.7610622349887257, -0.05845734326852055, 0.2180333173658471, 0.5896080404763805, 0.06949187028506744, 0.5560162428741355, 0.9262077733460283, -0.18169866620494668]
[0.7582890021054105, -0.05399318981318216, 0.21813849062998034, 0.5815227559884385, 0.06888219297045894, 0.5552665590839253, 0.9273962669111372, -0.17154459089202845]
[0.7557115906687762, -0.04965603053500091, 0.21824360703728624, 0.5737846891101616, 0.06793022465983976, 0.5545114691331695, 0.928584760476246, -0.16139051557911022]
[0.7533340587235238, -0.04543913327349937, 0.21834866656036664, 0.5664064747584352, 0.0666472710570818, 0.5537509866436008, 0.9297732540413549, -0.15123644026619198]
[0.7511602331013816, -0.04133563665083913, 0.2184536691718383, 0.5594003760561891, 0.06504510442717813, 0.5529851253216288, 0.9309617476064638, -0.14108236495327375]
[0.7491937053228259, -0.03733855800513343, 0.2185586148443327, 0.5527782670940183, 0.06313595124140012, 0.5522138989581223, 0.9321502411715726, -0.13092828964035552]
[0.7474378277707594, -0.03344080145315595, 0.21866350355049627, 0.5465516161068377, 0.060932479185069194, 0.5514373214281907, 0.9333387347366815, -0.12077421432743729]
[0.7458957101402095, -0.029635166073132505, 0.2187683352629902, 0.5407314690891536, 0.05844778354203921, 0.5506554066909616, 0.9345272283017904, -0.11062013901451906]
[0.7445702161677957, -0.025914354198172992, 0.21887310995449058, 0.5353284338720596, 0.05569537297086277, 0.5498681687893611, 0.9357157218668992, -0.10046606370160083]
[0.7434639606443869, -0.022270979810786892, 0.21897782759768833, 0.5303526646845402, 0.05268915468846894, 0.5490756218498889, 0.9369042154320081, -0.0903119883886826]
[0.7425793067140447, -0.018697577028819086, 0.21908248816528933, 0.5258138472211185, 0.049443419078020336, 0.5482777800823948, 0.9380927089971169, -0.08015791307576436]
[0.7419183634620229, -0.015186608673049967, 0.21918709163001415, 0.5217211842373091, 0.04597282373843706, 0.5474746577798517, 0.9392812025622258, -0.07000383776284615]
[0.7414829837942546, -0.011730474906620554, 0.21929163796459852, 0.5180833816937209, 0.042292376993872664, 0.54666626931813, 0.9404696961273347, -0.05984976244992792]
[0.7412747626104299, -0.008321521936372388, 0.21939612714179277, 0.5149086354690184, 0.038417420882207114, 0.5458526291557669, 0.9416581896924435, -0.049695687137009704]
[0.7412950352724268, -0.0049520507661318935, 0.2195005591343623, 0.5122046186612809, 0.0343636136423746, 0.5450337518337386, 0.9428466832575524, -0.03954161182409148]
[0.7415448763695203, -0.0016143259919202298, 0.21960493391508742, 0.5099784694965996, 0.03014691172107792, 0.5442096519752281, 0.9440351768226612, -0.029387536511173262]
[0.7420250987814557, 0.001699415370967159, 0.21970925145676326, 0.5082367798630326, 0.02578355132014541, 0.5433803442853926, 0.9452236703877701, -0.019233461198255045]
[0.742736253040132, 0.004996955039092593, 0.21981351173219993, 0.506985584487281, 0.02129002950646891, 0.5425458435511306, 0.946412163952879, -0.009079385885336824]
[0.7436786269902969, 0.008286084600315345, 0.21991771471422245, 0.5062303507706777, 0.016683084907114662, 0.5417061646408459, 0.9476006575179878, 0.0010746894275813924]
[0.7448522457493194, 0.011574596651635847, 0.22002186037567079, 0.5059759693002772, 0.011979678012825833, 0.5408613225042118, 0.9487891510830967, 0.011228764740499612]
[0.7462568719657606, 0.01487027594553364, 0.2201259486893998, 0.5062267450500119, 0.007196971113732863, 0.5400113321719338, 0.9499776446482056, 0.02138284005341783]
[0.747892006376125, 0.018180890554867497, 0.22022997962827942, 0.5069863892860298, 0.002352307891656264, 0.5391562087555094, 0.9511661382133144, 0.031536915366336044]
[0.7497568886588348, 0.021514183066373992, 0.22033395316519433, 0.508258012189465, -0.0025368073060754726, 0.5382959674469894, 0.9523546317784233, 0.041690990679254254]
[0.7518504985841339, 0.024877861812757366, 0.22043786927304435, 0.5100441162089961, -0.007452730485863746, 0.5374306235187353, 0.9535431253435321, 0.05184506599217247]
[0.7541715574582898, 0.02827959215330894, 0.22054172792474425, 0.5123465901546506, -0.012377699294229133, 0.5365601923231774, 0.954731618908641, 0.06199914130509068]
[0.7567185298601304, 0.031726987812928154, 0.22064552909322369, 0.5151667040433733, -0.01729385454500601, 0.5356846892925703, 0.9559201124737499, 0.0721532166180089]
[0.7594896256676207, 0.03522760228934003, 0.2207492727514273, 0.5185051047059446, -0.022183261960587515, 0.5348041299387472, 0.9571086060388587, 0.08230729193092712]
[0.7624828023718554, 0.038788920338215904, 0.22085295887231485, 0.522361812163871, -0.027027934100090564, 0.5339185298528745, 0.9582970996039676, 0.09246136724384532]
[0.7656957676755226, 0.04241834954580452, 0.220956587428861, 0.5267362167838949, -0.031809852446971335, 0.533027904705203, 0.9594855931690764, 0.10261544255676353]
[0.7691259823725669, 0.04612321199857067, 0.22106015839405538, 0.5316270772167894, -0.036510989628316254, 0.5321322702448189, 0.9606740867341853, 0.11276951786968173]
[0.7727706635054692, 0.04991073605921799, 0.2211636717409027, 0.5370325191260985, -0.0411133317377628, 0.5312316422993943, 0.9618625802992942, 0.12292359318259993]
[0.7766267877962441, 0.05378804825834045, 0.22126712744242266, 0.5429500347114817, -0.04559890073377432, 0.5303260367749346, 0.9630510738644031, 0.13307766849551814]
[0.7806910953469502, 0.05776216531080605, 0.22137052547165006, 0.5493764830302948, -0.04994977688479234, 0.5294154696555264, 0.964239567429512, 0.14323174380843634]
[0.7849600936052065, 0.06183998626582356, 0.22147386580163456, 0.5563080911200189, -0.054148121232633434, 0.5284999570030832, 0.9654280609946209, 0.15338581912135454]
[0.7894300615899066, 0.06602828479948146, 0.22157714840544102, 0.5637404559231134, -0.0581761980453729, 0.5275795149570899, 0.9666165545597298, 0.16353989443427275]
[0.7940970543720391, 0.07033370165837606, 0.22168037325614928, 0.5716685470148287, -0.06201639723087367, 0.5266541597343469, 0.9678050481248387, 0.17369396974719095]
[0.798956907805231, 0.07476273726276442, 0.22178354032685424, 0.580086710133479, -0.0656512566820707, 0.5257239076287117, 0.9689935416899477, 0.18384804506010916]
[0.8040052435003517, 0.0793217444774865, 0.22188664959066584, 0.5889886715116155, -0.06906348452511141, 0.5247887750108404, 0.9701820352550565, 0.19400212037302736]
[0.8092374740382522, 0.0840169215587009, 0.22198970102070914, 0.5983675430055154, -0.07223598124148266, 0.5238487783279275, 0.9713705288201655, 0.20415619568594556]
[0.8146488084144348, 0.08885430528426963, 0.22209269459012435, 0.6082158280193332, -0.07515186163531828, 0.5229039341034442, 0.9725590223852744, 0.21431027099886377]
[0.8202342577092078, 0.09383976427540833, 0.2221956302720664, 0.6185254282192363, -0.07779447661719072, 0.5219542589368755, 0.9737475159503833, 0.22446434631178197]
[0.8259886409766134, 0.09897899251699471, 0.22229850803970586, 0.6292876510317903, -0.0801474347758252, 0.5209997695034578, 0.9749360095154922, 0.23461842162470017]
[0.831906591345189, 0.10427750308368952, 0.2224013278662278, 0.6404932179198312, -0.08219462370936573, 0.5200404825539122, 0.9761245030806012, 0.24477249693761838]
[0.8379825623233785, 0.10974062207878615, 0.22250408972483293, 0.6521322734280278, -0.08392023108803043, 0.5190764149141793, 0.97731299664571, 0.25492657225053655]
[0.8442108343021916, 0.11537348279245174, 0.2226067935887366, 0.6641943949893115, -0.08530876542025667, 0.5181075834851514, 0.978501490210819, 0.26508064756345473]
[0.8505855212474859, 0.12118102008576728, 0.22270943943116975, 0.6766686034823381, -0.08634507649472714, 0.5171340052424046, 0.9796899837759279, 0.2752347228763729]
[0.8571005775740479, 0.12716796500670843, 0.222812027225378, 0.6895433745291382, -0.08701437547099922, 0.5161556972359276, 0.9808784773410368, 0.2853887981892911]
[0.8637498051934398, 0.13333883964393936, 0.22291455694462245, 0.7028066505211195, -0.08730225459182614, 0.5151726765898524, 0.9820669709061457, 0.29554287350220926]
[0.8705268607273997, 0.139697952224012, 0.223017028562179, 0.7164458533606023, -0.08719470649066594, 0.514184960502181, 0.9832554644712547, 0.30569694881512743]
[0.8774252628783955, 0.14624939245728297, 0.22311944205133913, 0.7304478979040998, -0.08667814306830579, 0.5131925662445127, 0.9844439580363635, 0.3158510241280456]
[0.8844383999487693, 0.15299702713756677, 0.22322179738540895, 0.744799206092605, -0.08573941391301726, 0.5121955111617689, 0.9856324516014725, 0.3260050994409638]
[0.8915595374997436, 0.15994449600025376, 0.22332409453771024, 0.7594857217532073, -0.08436582423915251, 0.5111938126719189, 0.9868209451665814, 0.33615917475388196]
[0.8987818261414166, 0.16709520784331744, 0.2234263334815795, 0.7744929260554456, -0.0825451523196509, 0.5101874882657012, 0.9880094387316903, 0.34631325006680014]
[0.906098309444728, 0.17445233691533488, 0.22352851419036876, 0.7898058536049034, -0.08026566638849023, 0.5091765555063473, 0.9891979322967992, 0.3564673253797183]
[0.9135019319662557, 0.1820188195743314, 0.22363063663744495, 0.8054091091556752, -0.07751614098974027, 0.5081610320293016, 0.9903864258619082, 0.36662140069263655]
[0.9209855473765758, 0.1897973512209513, 0.2237327007961904, 0.8212868849224726, -0.07428587275050844, 0.5071409355419412, 0.991574919427017, 0.3767754760055547]
[0.928541926682821, 0.19779038350913794, 0.22383470664000246, 0.8374229784723085, -0.07056469555575098, 0.5061162838232951, 0.992763412992126, 0.38692955131847295]
[0.936163766535966, 0.20600012183718638, 0.22393665414229388, 0.8538008111748835, -0.06634299510362271, 0.5050870947237611, 0.9939519065572349, 0.3970836266313912]
[0.9438436976132905, 0.21442852312171046, 0.2240385432764923, 0.8704034471900146, -0.0616117228207797, 0.5040533861648221, 0.9951404001223438, 0.4072377019443094]
[0.9515742930663884, 0.2230772938567403, 0.22414037401604103, 0.8872136129696865, -0.0563624091178066, 0.5030151761387625, 0.9963288936874527, 0.41739177725722765]
[0.9593480770250353, 0.23194788845983813, 0.2242421463343981, 0.9042137172515753, -0.05058717596574, 0.5019724827083798, 0.9975173872525617, 0.4275458525701459]
[0.9671575331471646, 0.24104150790679255, 0.2243438602050372, 0.9213858715201859, -0.04427874877547375, 0.500925324006701, 0.9987058808176705, 0.4376999278830641]
[0.974995113205171, 0.2503590986561186, 0.2244455156014469, 0.9387119109110774, -0.037430467562680814, 0.499873718236691, 0.9998943743827795, 0.44785400319598234]
[0.982853245698721, 0.2599013518642626, 0.2245471124971313, 0.9561734155329967, -0.030036297381754506, 0.49881768367096624, 1.0010828679478885, 0.4580080785089006]
[0.9907243444842364, 0.26966870289207406, 0.2246486508656095, 0.9737517321821371, -0.022090838013168856, 0.497757238651502, 1.0022713615129974, 0.4681621538218188]
[0.9986008174112054, 0.27966133110277935, 0.2247501306804161, 0.9914279964221491, -0.013589332889571926, 0.4966924015893428, 1.0034598550781062, 0.47831622913473704]
[1.0042516511783026, 0.2869703223113441, 0.22482291137115873, 1.0041613183413738, -0.0071441224193415365, 0.4959256321998864, 1.0043126580027084, 0.48560228046703335]
