[-1, 0.294030361697727, 0.2288060723395453, -1, 5.551115123125783e-17, 0.49999999999999994, -1, 0.1]
[-1, 0.294030361697727, 0.2288060723395453, -1, 5.551115123125783e-17, 0.49999999999999994, -1, 0.1]
[-1.0107972665587013, 0.29111801666408915, 0.23058714748419856, -1.003672927056105, -0.0027127402804933975, 0.5019038076066935, -1.0061454986173184, 0.09926409184074873]
[-1.0214882604761446, 0.2880790948450953, 0.23234857956509272, -1.0072492588921051, -0.005379475758138297, 0.503787924858653, -1.0122909972346368, 0.09852818368149746]
[-1.0320692273024663, 0.28491768326097155, 0.2340902185308348, -1.0107294207209467, -0.007996471332949395, 0.5056522016831013, -1.0184364958519552, 0.09779227552224619]
[-1.0425365583164892, 0.2816379859002911, 0.23581191601615115, -1.0141139721077048, -0.010559976137471672, 0.5074964896933888, -1.0245819944692736, 0.09705636736299492]
[-1.0528867942618305, 0.2782443186754742, 0.23751352535452608, -1.0174036082559383, -0.013066228236468247, 0.5093206422016321, -1.030727493086592, 0.09632045920374364]
[-1.0631166289105791, 0.2747411042575467, 0.23919490159069606, -1.020599161131645, -0.015511459388062754, 0.5111245142312077, -1.0368729917039103, 0.09558455104449237]
[-1.07322291245062, 0.2711328667960175, 0.24085590149299801, -1.023701600422332, -0.017891899860760452, 0.5129079625291019, -1.0430184903212287, 0.0948486428852411]
[-1.0832026546928841, 0.26742422652986303, 0.24249638356557093, -1.026712034328908, -0.020203783300678013, 0.5146708455781105, -1.0491639889385471, 0.09411273472598983]
[-1.0930530280950028, 0.2636198942957284, 0.24411620806040935, -1.029631710188291, -0.022443351643226084, 0.5164130236088933, -1.0553094875558655, 0.09337682656673855]
[-1.102771370598052, 0.2597246659395687, 0.24571523698926812, -1.0324620149248276, -0.024606860063407954, 0.5181343586118785, -1.061454986173184, 0.09264091840748728]
[-1.112355188273284, 0.2557434166380601, 0.24729333413541726, -1.0352044753288183, -0.02669058195882612, 0.5198347143490184, -1.0676004847905023, 0.09190501024823601]
[-1.1218021577759583, 0.2516810951362115, 0.24885036506524594, -1.0378607581606472, -0.028690813959420913, 0.521513956365392, -1.0737459834078207, 0.09116910208898474]
[-1.1311101286035952, 0.24754271790770027, 0.2503861971397143, -1.0404326700792157, -0.030603880957906282, 0.5231719520006578, -1.079891482025139, 0.09043319392973347]
[-1.1402771251562065, 0.243333363244539, 0.25190069952565275, -1.0429221573935947, -0.03242614115481754, 0.5248085704003531, -1.0860369806424575, 0.0896972857704822]
[-1.1493013485962678, 0.23905816528276164, 0.2533937432069075, -1.04533130563701, -0.0341539911120361, 0.526423682527039, -1.0921824792597759, 0.08896137761123092]
[-1.158181178506432, 0.2347223079708845, 0.2548652009953304, -1.0476623389624915, -0.03578387080862416, 0.5280171611712903, -1.0983279778770942, 0.08822546945197965]
[-1.166915174343206, 0.23033101898796254, 0.2563149475416145, -1.0499176193597322, -0.03731226869276555, 0.529588880962532, -1.1044734764944126, 0.08748956129272838]
[-1.1755020766850461, 0.22588956361811632, 0.25774285934597163, -1.052099645692909, -0.03873572672358941, 0.5311387183797155, -1.110618975111731, 0.0867536531334771]
[-1.1839408082735503, 0.2214032385884509, 0.25914881476865353, -1.054211052559435, -0.04005084539663728, 0.5326665517618409, -1.1167644737290494, 0.08601774497422583]
[-1.1922304748466739, 0.21687736587733114, 0.2605326940403133, -1.056254608969835, -0.0412542887467201, 0.5341722613183176, -1.1229099723463678, 0.08528183681497456]
[-1.2003703657631082, 0.21231728650000592, 0.26189437927220893, -1.058233216849136, -0.04234278932191676, 0.5356557291391684, -1.1290554709636862, 0.08454592865572329]
[-1.2083599544172186, 0.20772835427860037, 0.2632337544662455, -1.0601499093604, -0.04331315312246842, 0.5371168392050716, -1.1352009695810046, 0.08381002049647202]
[-1.2161988984441547, 0.20311592960351132, 0.26455070552485654, -1.062007849051226, -0.044162264498333076, 0.538555477397242, -1.141346468198323, 0.08307411233722074]
[-1.2238870397149935, 0.1984853731932476, 0.26584512026072454, -1.063810325824267, -0.04488709099919391, 0.5399715315071516, -1.1474919668156414, 0.08233820417796947]
[-1.2314244041220088, 0.19384203985976056, 0.26711688840633663, -1.0655607547330372, -0.04548468817073162, 0.541364891246086, -1.1536374654329598, 0.08160229601871818]
[-1.2388112011543946, 0.18919127228629856, 0.268365901623379, -1.0672626736044735, -0.04595220429101707, 0.5427354482545373, -1.1597829640502781, 0.0808663878594669]
[-1.246047823265005, 0.1845383948248079, 0.2695920535119653, -1.0689197404899504, -0.04628688504091613, 0.5440830961114344, -1.1659284626675965, 0.08013047970021563]
[-1.253134845028915, 0.17988870731987633, 0.27079523961970103, -1.0705357309466492, -0.046486078102451506, 0.5454077303432053, -1.172073961284915, 0.07939457154096434]
[-1.2600730220948297, 0.1752474789661862, 0.27197535745058116, -1.0721145351513948, -0.046547237679122166, 0.5467092484326768, -1.1782194599022333, 0.07865866338171305]
[-1.2668632899306114, 0.17061994220640414, 0.27313230647372155, -1.0736601548492792, -0.04646792893224938, 0.547987549827804, -1.1843649585195515, 0.07792275522246178]
[-1.2735067623644212, 0.16601128667638793, 0.274265988131923, -1.0751767001396044, -0.04624583232748275, 0.5492425359502362, -1.1905104571368699, 0.0771868470632105]
[-1.2800047299231994, 0.16142665320453753, 0.275376305850067, -1.0766683861018707, -0.045878747885686466, 0.5504741102037111, -1.196655955754188, 0.07645093890395922]
[-1.2863586579704438, 0.15687112787205343, 0.27646316504334273, -1.0781395292647495, -0.04536459933250647, 0.5516821779822826, -1.2028014543715064, 0.07571503074470794]
[-1.2925701846454623, 0.15234973614079816, 0.2775264731253044, -1.0795945439211707, -0.0447014381410131, 0.5528666466783781, -1.2089469529888246, 0.07497912258545666]
[-1.2986411186065037, 0.14786743705537705, 0.2785661395157584, -1.081037938292854, -0.0438874474619155, 0.5540274256906856, -1.215092451606143, 0.07424321442620538]
[-1.30457343658039, 0.14342911752597304, 0.27958207564847976, -1.0824743105478027, -0.042920945935946586, 0.5551644264318698, -1.2212379502234612, 0.07350730626695409]
[-1.310369280721492, 0.13903958669837418, 0.28057419497875663, -1.0839083446744735, -0.04180039138313421, 0.5562775623361174, -1.2273834488407795, 0.07277139810770282]
[-1.3160309557831007, 0.13470357041753805, 0.2815424129907629, -1.0853448062165167, -0.04052438436379113, 0.5573667488665084, -1.233528947458098, 0.07203548994845153]
[-1.321560926104461, 0.1304257057909271, 0.28248664720475775, -1.0867885378721618, -0.039091671606182654, 0.5584319035222174, -1.239674446075416, 0.07129958178920025]
[-1.3269618124169416, 0.12621053585773803, 0.2834068171841121, -1.0882444549625079, -0.0375011492959644, 0.5594729458455383, -1.2458199446927345, 0.07056367362994898]
[-1.3322363884730124, 0.1220625043700278, 0.2843028445421606, -1.0897175407731388, -0.035751866222618583, 0.5604897974287377, -1.2519654433100529, 0.06982776547069769]
[-1.337387577501909, 0.11798595069161116, 0.28517465294887906, -1.0912128417736677, -0.03384302677826398, 0.5614823819207315, -1.258110941927371, 0.0690918573114464]
[-1.3424184484960489, 0.11398510482047264, 0.28602216813738707, -1.0927354627199635, -0.03177399380436233, 0.5624506250335879, -1.2642564405446894, 0.06835594915219512]
[-1.34733221233246, 0.11006408254029416, 0.2868453179102744, -1.0942905616439806, -0.029544291282002907, 0.5633944545488533, -1.2704019391620078, 0.06762004099294383]
[-1.352132217733668, 0.10622688070655609, 0.2876440321457513, -1.0958833447362668, -0.027153606861603424, 0.5643138003237036, -1.276547437779326, 0.06688413283369256]
[-1.356821947072662, 0.10247737267251368, 0.28841824280362194, -1.0975190611263612, -0.02460179422803839, 0.5652085942969163, -1.2826929363966444, 0.06614822467444127]
[-1.3614050120267416, 0.0988193038601965, 0.2891678839310808, -1.099202997566455, -0.021888875297371976, 0.5660787704946684, -1.2888384350139628, 0.06541231651518999]
[-1.3658851490852137, 0.09525628748141104, 0.2898928916683306, -1.1009404730238066, -0.019015042241552843, 0.5669242650361528, -1.294983933631281, 0.0646764083559387]
[-1.3702662149160718, 0.0917918004135601, 0.29059320425402296, -1.1027368331875484, -0.015980659337608005, 0.5677450161390203, -1.3011294322485993, 0.06394050019668741]
[-1.3745521815969473, 0.08842917923491492, 0.29126876203051877, -1.1045974448956368, -0.012786264638060735, 0.568540964124639, -1.3072749308659177, 0.06320459203743613]
[-1.3787471317157798, 0.08517161642379838, 0.29191950744897105, -1.106527690487821, -0.00943257145948602, 0.5693120514231778, -1.313420429483236, 0.06246868387818485]
[-1.3825129374494232, 0.08228283798938324, 0.2924936984526846, -1.1083612654301787, -0.0062219678216652585, 0.5699964192995279, -1.3190489979460835, 0.06179467681795359]
[-1.3825129374494232, 0.08228283798938324, 0.2924936984526846, -1.1083612654301787, -0.0062219678216652585, 0.5699964192995279, -1.3190489979460835, 0.06179467681795359]
[-1.3835009376127303, 0.08533212624769769, 0.2934709617571453, -1.1105668563896418, -0.0054296437667541025, 0.5714445008049336, -1.3244334182114212, 0.06568975477396519]
[-1.3844954399033034, 0.08830137114171188, 0.29438079266847894, -1.1127981459201086, -0.004702577578178699, 0.5728244062865999, -1.329817838476759, 0.06958483272997679]
[-1.385498516826666, 0.09119084643141297, 0.2952229821299687, -1.115057037538494, -0.004040326721006321, 0.5741359254302738, -1.3352022587420966, 0.07347991068598839]
[-1.3865122343513834, 0.09400087436074173, 0.2959973366272359, -1.1173454266933456, -0.0034424020435510627, 0.5753788634660328, -1.3405866790074343, 0.07737498864199999]
[-1.3875386507444625, 0.09673182548347439, 0.2967036782327044, -1.1196651996204596, -0.0029082679657849164, 0.5765530412127536, -1.345971099272772, 0.08127006659801159]
[-1.3885798154112263, 0.09938411846133406, 0.29734184464648405, -1.1220182322031083, -0.002437342695302977, 0.5776582951189974, -1.3513555195381097, 0.08516514455402319]
[-1.3896377677403262, 0.10195821983444676, 0.2979116892336636, -1.1244063888375384, -0.002028998470726698, 0.5786944773003078, -1.3567399398034474, 0.08906022251003479]
[-1.3907145359545534, 0.10445464376427352, 0.2984130810580031, -1.1268315213044018, -0.001682561832412402, 0.5796614555729054, -1.3621243600687851, 0.09295530046604639]
[-1.3918121359681037, 0.10687395174916473, 0.2988459049120204, -1.1292954676467688, -0.0013973139203175278, 0.5805591134837782, -1.3675087803341228, 0.09685037842205799]
[-1.3929325702509543, 0.10921675231269964, 0.2992100613434627, -1.1318000510553812, -0.0011724907988601568, 0.5813873503371565, -1.3728932005994605, 0.10074545637806959]
[-1.3940778267009952, 0.11148370066498871, 0.2995054666781582, -1.1343470787617835, -0.001007283808593773, 0.5821460812173676, -1.3782776208647982, 0.10464053433408119]
[-1.395249877524566, 0.1136754983371324, 0.2997320530392426, -1.136938340939985, -0.0009008399445012277, 0.5828352370080656, -1.383662041130136, 0.10853561229009279]
[-1.3964506781260353, 0.11579289278904535, 0.29988976836275544, -1.1395756096172809, -0.0008522622606989688, 0.5834547644078312, -1.3890464613954736, 0.11243069024610439]
[-1.3976821660070569, 0.11783667699086994, 0.2999785764096028, -1.1422606375948732, -0.0008606103013252125, 0.5840046259421381, -1.3944308816608113, 0.11632576820211599]
[-1.398946259676136, 0.11980768897821852, 0.2999984567738847, -1.1449951573789119, -0.0009249005573728902, 0.5844847999716827, -1.399815301926149, 0.12022084615812759]
[-1.4002448575691222, 0.12170681138149847, 0.2999494048875834, -1.1477808801225795, -0.0010441069492110322, 0.5848952806970766, -1.4051997221914867, 0.12411592411413919]
[-1.4015798369812553, 0.12353497092958941, 0.2998314320216134, -1.1506194945798383, -0.001217161334524916, 0.5852360781598998, -1.4105841424568244, 0.1280110020701508]
[-1.4029530530113652, 0.1252931379281559, 0.29964456528323113, -1.153512666071439, -0.0014429540413898323, 0.5855072182401131, -1.415968562722162, 0.1319060800261624]
[-1.4043663375188373, 0.12698232571289425, 0.29938884760980705, -1.1564620354638024, -0.0017203344261798315, 0.585708742649834, -1.4213529829874998, 0.135801157982174]
[-1.4058214980939343, 0.12860359007802594, 0.29906433775895924, -1.1594692181613604, -0.002048111455996815, 0.5858407089234738, -1.4267374032528375, 0.1396962359381856]
[-1.407320317042066, 0.1301580286803644, 0.2986711102950524, -1.162535803112944, -0.002425054315293329, 0.5859031904042388, -1.4321218235181752, 0.1435913138941972]
[-1.4088645503825878, 0.13164678041929614, 0.29820925557206485, -1.1656633518328023, -0.002849893036346113, 0.5858962762270018, -1.4375062437835129, 0.1474863918502088]
[-1.4104559268626973, 0.13307102479303054, 0.29767887971282764, -1.1688533974368114, -0.0033213191532260045, 0.5858200712975437, -1.4428906640488506, 0.1513814698062204]
[-1.4120961469869964, 0.13443198123148672, 0.2970801045846397, -1.172107443694447, -0.003837986378894126, 0.5856746962681725, -1.4482750843141883, 0.155276547762232]
[-1.413786882063272, 0.135730908406199, 0.29641306777126597, -1.1754269640970618, -0.004398511305042846, 0.5854602875097236, -1.453659504579526, 0.1591716257182436]
[-1.41552977326504, 0.1369691035176354, 0.2956779225413242, -1.1788134009430187, -0.005001474124285171, 0.5851769970799512, -1.4590439248448637, 0.1630667036742552]
[-1.41732643071139, 0.13814790156033732, 0.2948748378130673, -1.1822681644402082, -0.005645419374284449, 0.5848249926883132, -1.4644283451102014, 0.1669617816302668]
[-1.419178432564655, 0.13926867456630038, 0.2940039981155703, -1.1857926318264773, -0.006328856703403357, 0.5844044576571614, -1.469812765375539, 0.1708568595862784]
[-1.4210873241464241, 0.14033283082702916, 0.29306560354632993, -1.189388146508478, -0.007050261657438384, 0.5839155908793439, -1.4751971856408768, 0.17475193754229]
[-1.4230546170724008, 0.1413418140947114, 0.29205986972528736, -1.1930560172194444, -0.00780807648699372, 0.5833586067722322, -1.4805816059062145, 0.1786470154983016]
[-1.4250817884066032, 0.1422971027629679, 0.290987027745284, -1.1967975171963858, -0.00860071097503795, 0.5827337352281792, -1.4859660261715522, 0.1825420934543132]
[-1.427170279835389, 0.1432002090276475, 0.2898473241189618, -1.2006138833771764, -0.009426543284172695, 0.582041221561423, -1.4913504464368899, 0.1864371714103248]
[-1.4293214968617767, 0.1440526780281468, 0.2886410207221212, -1.204506315618016, -0.01028392082313323, 0.5812813264514485, -1.4967348667022276, 0.1903322493663364]
[-1.4315368080205257, 0.14485608696974606, 0.28736839473354814, -1.2084759759317139, -0.011171161132029761, 0.5804543258828168, -1.5021192869675652, 0.194227327322348]
[-1.4338175441144188, 0.14561204422746318, 0.28602973857132513, -1.2125239877472431, -0.01208655278582521, 0.5795605110814797, -1.507503707232903, 0.1981224052783596]
[-1.4361649974721897, 0.1463221884319391, 0.28462535982564136, -1.2166514351910038, -0.013028356315537393, 0.5786001884475939, -1.5128881274982406, 0.2020174832343712]
[-1.438580421228516, 0.14698818753787676, 0.28315558118811546, -1.2208593623902095, -0.01399480514664117, 0.5775736794848458, -1.5182725477635783, 0.2059125611903828]
[-1.4410650286264883, 0.14761173787556753, 0.28162074037764917, -1.2251487727988115, -0.0149841065541379, 0.5764813207263086, -1.523656968028916, 0.2098076391463944]
[-1.4436199923429565, 0.1481945631860468, 0.2800211900628277, -1.229520628546352, -0.015994442633748135, 0.5753234636568464, -1.5290413882942537, 0.213702717102406]
[-1.4462464438371365, 0.14873841364043178, 0.2783572977808856, -1.233975849810135, -0.017023971288675666, 0.5741004746320824, -1.5344258085595914, 0.2175977950584176]
[-1.448945472722851, 0.14924506484400213, 0.27662944585325516, -1.2385153142110759, -0.01807082723138087, 0.5728127347939515, -1.5398102288249291, 0.2214928730144292]
[-1.4517181261647623, 0.14971631682559322, 0.27483803129771894, -1.2431398562335974, -0.019133122999793445, 0.5714606399828548, -1.5451946490902668, 0.2253879509704408]
[-1.4545654082989399, 0.15015399301288052, 0.2729834657371844, -1.2478502666698996, -0.020208949987385427, 0.5700446006464384, -1.5505790693556045, 0.2292830289264524]
[-1.457488279678099, 0.1505599391941413, 0.2710661753051036, -1.2526472920889473, -0.02129637948651869, 0.5685650417450153, -1.5559634896209422, 0.233178106882464]
[-1.4604876567418204, 0.1509360224670881, 0.26908660054755745, -1.2575316343304763, -0.022393463744470515, 0.5670224026536539, -1.56134790988628, 0.2370731848384756]
[-1.4635644113120587, 0.1512841301753749, 0.26704519632203016, -1.2625039500243271, -0.02349823703153825, 0.5654171370609549, -1.5667323301516176, 0.2409682627944872]
[-1.4667193701142245, 0.15160616883338524, 0.2649424316928933, -1.267564850135386, -0.024608716720611323, 0.5637497128645379, -1.5721167504169553, 0.2448633407504988]
[-1.4699533143241155, 0.15190406303991683, 0.2627787898236267, -1.2727148995344073, -0.025722904377597167, 0.5620206120632669, -1.577501170682293, 0.2487584187065104]
[-1.4732669791409532, 0.1521797543813851, 0.26055476786579945, -1.2779546165949722, -0.026838786862077996, 0.5602303306462334, -1.5828855909476307, 0.25265349666252196]
[-1.4766610533867714, 0.15243520032517283, 0.2582708768448366, -1.2832844728168236, -0.027954337437570836, 0.558379378478526, -1.5882700112129684, 0.25654857461853353]
[-1.4801361791323815, 0.15267237310375897, 0.25592764154259834, -1.2887048924758044, -0.029067516890758094, 0.5564682791838136, -1.593654431478306, 0.2604436525745451]
[-1.483692951350131, 0.15289325859026606, 0.2535256003767976, -1.2942162523006093, -0.03017627465904843, 0.5544975700237653, -1.5990388517436438, 0.2643387305305567]
[-1.4873319175936512, 0.15309985516606897, 0.25106530527728554, -1.2998188811765465, -0.031278549965825464, 0.5524678017743395, -1.6044232720089815, 0.26823380848656825]
[-1.491053577704779, 0.1532941725811131, 0.24854732155923115, -1.305513059876486, -0.03237227296273626, 0.5503795385989662, -1.6098076922743192, 0.2721288864425798]
[-1.494858383547816, 0.15347823080759482, 0.24597222779322603, -1.3112990208191637, -0.0334553658783662, 0.5482333579186551, -1.6151921125396569, 0.2760239643985914]
[-1.4987467387712792, 0.15365405888765965, 0.24334061567234308, -1.317176947854986, -0.03452574417264531, 0.5460298502790573, -1.6205765328049946, 0.27991904235460296]
[-1.5027189985972778, 0.15382369377577787, 0.24065308987618006, -1.3231469760794685, -0.0355813176963255, 0.5437696192145118, -1.6259609530703323, 0.28381412031061454]
[-1.506775469638637, 0.1539891791764597, 0.23791026793191894, -1.3292091916744284, -0.03661999185486792, 0.5414532811091086, -1.63134537333567, 0.2877091982666261]
[-1.5109164097438694, 0.15415256437797628, 0.2351127800724336, -1.335363631777028, -0.03763966877607264, 0.5390814650547979, -1.6367297936010077, 0.2916042762226377]
[-1.5151420278700864, 0.1543159030827523, 0.2322612690914778, -1.3416102843767588, -0.03863824848078615, 0.536654812706583, -1.6421142138663454, 0.29549935417864925]
[-1.5194524839839174, 0.1544812522351015, 0.22935639019598686, -1.3479490882404306, -0.03961363005601509, 0.5341739781348237, -1.647498634131683, 0.2993944321346608]
[-1.523847888990496, 0.15465067084697437, 0.2263988108555275, -1.3543799328652246, -0.04056371282977633, 0.53163962767469, -1.6528830543970208, 0.3032895100906724]
[-1.528328304690551, 0.15482621882239123, 0.2233892106489294, -1.3609026584598423, -0.041486397547012, 0.5290524397727956, -1.6582674746623585, 0.307184588046684]
[-1.5328937437656254, 0.15500995578123264, 0.2203282811081354, -1.3675170559537748, -0.042379587545895964, 0.5264131048310527, -1.6636518949276964, 0.3110796660026956]
[-1.5375441697914334, 0.1552039398830614, 0.21721672555930377, -1.3742228670346956, -0.04324118993385878, 0.523722325047776, -1.669036315193034, 0.3149747439587072]
[-1.5422794972793463, 0.155410226651648, 0.21405525896120162, -1.3810197842139686, -0.04406911676265876, 0.5209808142560794, -1.674420735458372, 0.3188698219147188]
[-1.547099591745979, 0.15563086780087368, 0.210844607740925, -1.3879074509202394, -0.04486128620182642, 0.5181892977596001, -1.6798051557237097, 0.3227648998707304]
[-1.552004269810843, 0.15586791006268189, 0.20758550962698366, -1.3948854616210706, -0.04561562370980987, 0.5153485121655843, -1.6851895759890476, 0.32665997782674205]
[-1.5569932993220017, 0.15612339401774963, 0.20427871347978935, -1.4019533619725613, -0.046330063202152216, 0.5124592052153808, -1.6905739962543853, 0.3305550557827537]
[-1.562066399509664, 0.15639935292954807, 0.2009249791195861, -1.4091106489968737, -0.04700254821603017, 0.5095221356123727, -1.6959584165197232, 0.33445013373876525]
[-1.5672232411676177, 0.15669781158245957, 0.19752507715186235, -1.4163567712875764, -0.047631033070487966, 0.5065380728473934, -1.701342836785061, 0.3383452116947769]
[-1.5724634468624055, 0.15702078512461565, 0.19407978879028473, -1.4236911292426975, -0.048213484021702085, 0.5035077970216624, -1.7067272570503988, 0.34224028965078845]
[-1.5777865911701197, 0.15737027791611935, 0.19058990567719442, -1.431113075325363, -0.04874788041261405, 0.5004320986672859, -1.7121116773157365, 0.3461353676068001]
[-1.5831922009406805, 0.1577482823833102, 0.1870562297017073, -1.4386219143518846, -0.04923221581627324, 0.4973117785653588, -1.7174960975810745, 0.35003044556281165]
[-1.5886797555894425, 0.15815677787972815, 0.18347957281545954, -1.446216903807137, -0.0496644991722342, 0.49414764756171414, -1.7228805178464124, 0.3539255235188233]
[-1.5942486874159685, 0.15859772955442827, 0.179860756846041, -1.4538972541870605, -0.05004275591535626, 0.49094052638035834, -1.72826493811175, 0.35782060147483485]
[-1.5998983819497794, 0.1590730872282943, 0.17620061330815992, -1.461662129368098, -0.050365029096359454, 0.4876912454346405, -1.733649358377088, 0.3617156794308465]
[-1.605628178322886, 0.15958478427899347, 0.1724999832125809, -1.469510647003367, -0.05062938049349297, 0.48440064463619126, -1.7390337786424257, 0.3656107573868581]
[-1.6114373696688893, 0.16013473653521143, 0.16875971687288158, -1.477441878945352, -0.05083389171468006, 0.48106957320168453, -1.7444181989077636, 0.3695058353428697]
[-1.6173252035484145, 0.16072484118080105, 0.16498067371007155, -1.4854548516948802, -0.05097666528950337, 0.47769888945745775, -1.7498026191731013, 0.3734009132988813]
[-1.6232908824006431, 0.16135697566946985, 0.1611637220551183, -1.4935485468761407, -0.051055825750410205, 0.4742894606420413, -1.7551870394384392, 0.37729599125489294]
[-1.6293335640206743, 0.16203299665063065, 0.1573097389494267, -1.5017219017374772, -0.05106952070251025, 0.47084216270664125, -1.760571459703777, 0.38119106921090457]
[-1.6354523620624493, 0.16275473890702727, 0.15341960994331597, -1.5099738096776862, -0.05101592188135651, 0.4673578801136188, -1.7659558799691149, 0.38508614716691614]
[-1.6416463465669437, 0.16352401430474559, 0.14949422889254238, -1.5183031207975217, -0.05089322619810063, 0.463837505633016, -1.7713403002344525, 0.3889812251229277]
[-1.6479145445153311, 0.1643426107562098, 0.14553449775291308, -1.5267086424761056, -0.050699656771420715, 0.4602819401371725, -1.7767247204997905, 0.3928763030789393]
[-1.6542559404067931, 0.16521229119675793, 0.14154132637303893, -1.5351891399719229, -0.050433463945631, 0.4566920923934814, -1.7821091407651282, 0.3967713810349509]
[-1.6606694768606507, 0.16613479257538238, 0.13751563228527372, -1.5437433370480649, -0.05009292629438741, 0.4530688788553311, -1.787493561030466, 0.4006664589909625]
[-1.6671540552424668, 0.16711182486021314, 0.13345834049488792, -1.552369916621376, -0.04967635160941197, 0.4494132234512823, -1.7928779812958038, 0.40456153694697405]
[-1.6737085363137658, 0.16814507005931348, 0.12937038326752504, -1.5610675214351428, -0.04918207787366738, 0.44572605737252685, -1.7982624015611415, 0.4084566149029856]
[-1.680331740904989, 0.16923618125734793, 0.12525269991499027, -1.569834754754943, -0.048608474218422015, 0.4420083188586795, -1.8036468218264794, 0.4123516928589972]
[-1.6870224506113094, 0.1703867816686744, 0.12110623657941957, -1.5786701810872767, -0.047953941863656924, 0.4382609529819499, -1.809031242091817, 0.41624677081500877]
[-1.6937794085109013, 0.17159846370740278, 0.11693194601587961, -1.5875723269205693, -0.0472169150412694, 0.4344849114297452, -1.8144156623571548, 0.42014184877102034]
[-1.7006013199052512, 0.172872788074952, 0.11273078737344797, -1.5965396814881347, -0.04639586190054587, 0.430681152285753, -1.8198000826224927, 0.4240369267270319]
[-1.7074868530810916, 0.17421128286562793, 0.10850372597482484, -1.6055706975526762, -0.04548928539537958, 0.42685063980955673, -1.8251845028878304, 0.42793200468304354]
[-1.7144346400935142, 0.17561544269073415, 0.1042517330945249, -1.6146637922118754, -0.044495724152725735, 0.4229943442148292, -1.8305689231531683, 0.4318270826390551]
[-1.721443277569816, 0.17708672782171786, 0.099975785735703, -1.6238173477246285, -0.04341375332178782, 0.4191132414461617, -1.835953343418506, 0.43572216059506674]
[-1.7285113275336204, 0.17862656335283977, 0.09567686640566281, -1.6330297123574604, -0.04224198540345259, 0.41520831295457605, -1.841337763683844, 0.43961723855107837]
[-1.7356373182487927, 0.18023633838384912, 0.0913559628901003, -1.6422992012506412, -0.04097907105948975, 0.4112805454717695, -1.8467221839491816, 0.44351231650708994]
[-1.7410047497389314, 0.18148703431671587, 0.08811002153997075, -1.649269371256092, -0.03997399728441442, 0.40832812192902346, -1.8507498884573579, 0.44642594922333956]
[-1.7410047497389314, 0.18148703431671587, 0.08811002153997075, -1.649269371256092, -0.03997399728441442, 0.40832812192902346, -1.8507498884573579, 0.44642594922333956]
[-1.7240377267894387, 0.18152677101635178, 0.09152876470864622, -1.6309932813133394, -0.041208151553586314, 0.41048312732782866, -1.834161193898323, 0.445146397036168]
[-1.707093431354969, 0.18160395092069959, 0.09493445110006726, -1.612734071104022, -0.042392859879229805, 0.41261627287224956, -1.8175724993392883, 0.4438668448489964]
[-1.6901721339897406, 0.18171825587362161, 0.09832659488566672, -1.5944921076794112, -0.04352838218701971, 0.41472710785559397, -1.8009838047802535, 0.44258729266182484]
[-1.6732741002503015, 0.18186936115171454, 0.1017047121687596, -1.576267753546295, -0.044614985773437754, 0.4168151837450456, -1.784395110221219, 0.44130774047465327]
[-1.6563995906209608, 0.18205693553784358, 0.10506832105357201, -1.558061366585782, -0.04565294523600094, 0.4188800542497171, -1.7678064156621844, 0.4400281882874817]
[-1.6395488604403414, 0.18228064139598682, 0.10841694171398458, -1.5398732999731983, -0.04664254240212448, 0.42092127538841073, -1.7512177211031497, 0.4387486361003101]
[-1.6227221598290766, 0.18254013474737463, 0.11175009646198071, -1.5217039020990955, -0.047584066256634805, 0.4229384055570772, -1.7346290265441149, 0.43746908391313855]
[-1.605919733618657, 0.18283506534790556, 0.11506730981578993, -1.5035535164913827, -0.048477812867951, 0.42493100559596364, -1.71804033198508, 0.436189531725967]
[-1.5891418212814572, 0.18316507676682242, 0.11836810856771617, -1.485422481738605, -0.049324085312949545, 0.4268986388564383, -1.7014516374260453, 0.4349099795387954]
[-1.5723886568619494, 0.1835298064666302, 0.12165202185164208, -1.4673111314143847, -0.05012319360053277, 0.42884087126748716, -1.6848629428670105, 0.4336304273516238]
[-1.555660468909128, 0.18392888588423875, 0.12491858121019901, -1.44921979400304, -0.05087545459391593, 0.4307572714018673, -1.668274248307976, 0.43235087516445225]
[-1.5389574804101538, 0.18436194051331126, 0.12816732066159353, -1.431148792826399, -0.05158119193165195, 0.43264741054191225, -1.6516855537489414, 0.4310713229772807]
[-1.522279908725241, 0.18482858998780075, 0.1313977767660806, -1.413098445971829, -0.052240735947412104, 0.43451086274497586, -1.6350968591899067, 0.4297917707901091]
[-1.5056279655238005, 0.18532844816665578, 0.13460948869207445, -1.3950690662214917, -0.05285442358854092, 0.43634720490850876, -1.6185081646308719, 0.42851221860293753]
[-1.4890018567218501, 0.18586112321967665, 0.1378019982818871, -1.3770609609828433, -0.05342259833340321, 0.43815601683475575, -1.601919470071837, 0.42723266641576596]
[-1.4724017824207152, 0.18642621771450232, 0.1409748501170856, -1.3590744322203958, -0.05394561010754348, 0.4399368812950647, -1.5853307755128023, 0.4259531142285944]
[-1.455827936847028, 0.18702332870470967, 0.14412759158345834, -1.3411097763887527, -0.0544238151986757, 0.44168938409379954, -1.5687420809537678, 0.4246735620414228]
[-1.4392805082940427, 0.18765204781900469, 0.14725977293558157, -1.323167284366935, -0.05485757617052367, 0.4434131141318458, -1.5521533863947332, 0.42339400985425124]
[-1.4227596790642827, 0.18831196135148612, 0.15037094736097661, -1.3052472413940146, -0.05524726177553105, 0.4451076634697018, -1.5355646918356984, 0.42211445766707967]
[-1.406265625413529, 0.18900265035296154, 0.15346067104384847, -1.2873499270060655, -0.05559324686646064, 0.4467726273901438, -1.5189759972766637, 0.4208349054799081]
[-1.389798517496169, 0.1897236907232951, 0.15652850322839718, -1.2694756149744502, -0.05589591230690494, 0.4484076044604585, -1.5023873027176289, 0.4195553532927365]
[-1.3733585193119136, 0.1904746533047673, 0.15957400628169274, -1.2516245732454534, -0.05615564488072475, 0.4500121965942331, -1.485798608158594, 0.41827580110556495]
[-1.356945788653902, 0.1912551039764252, 0.1625967457561041, -1.2337970638812779, -0.056372837200440395, 0.45158600911269187, -1.4692099135995593, 0.4169962489183934]
[-1.3405604770582011, 0.19206460374940254, 0.16559629045127436, -1.2159933430024155, -0.0565478876145932, 0.4531286508055745, -1.4526212190405245, 0.4157166967312218]
[-1.324202729754715, 0.1929027088631887, 0.1685722124756321, -1.1982136607314047, -0.056681200114099495, 0.4546397339915432, -1.4360325244814898, 0.41443714454405023]
[-1.307872685619517, 0.19376897088282483, 0.1715240873074314, -1.1804582611379906, -0.05677318423761893, 0.45611887457811356, -1.419443829922455, 0.41315759235687866]
[-1.291570477128615, 0.1946629367970063, 0.17445149385531075, -1.1627273821856952, -0.05682425497595606, 0.4575656921210972, -1.4028551353634202, 0.4118780401697071]
[-1.275296230313161, 0.19558414911706848, 0.17735401451836222, -1.1450212556798158, -0.05683483267552067, 0.4589798098835487, -1.3862664408043854, 0.4105984879825355]
[-1.2590500647161182, 0.19653214597683558, 0.1802312352457037, -1.1273401072168567, -0.056805342940863895, 0.46036085489421075, -1.3696777462453507, 0.40931893579536394]
[-1.2428320933503962, 0.19750646123330895, 0.18308274559554377, -1.1096841561354116, -0.056736216536316386, 0.46170845800544497, -1.3530890516863159, 0.40803938360819236]
[-1.2266424226584607, 0.19850662456817372, 0.18590813879373236, -1.0920536154685028, -0.056627889286747474, 0.4630222539506428, -1.336500357127281, 0.4067598314210208]
[-1.2104811524734351, 0.1995321615901002, 0.18870701179178775, -1.0744486918973923, -0.056480801977469824, 0.4643018814011066, -1.3199116625682463, 0.4054802792338492]
[-1.194348375981697, 0.20058259393781905, 0.19147896532439249, -1.0568695857068704, -0.05629540025331006, 0.4655469830223947, -1.3033229680092115, 0.40420072704667764]
[-1.178244179686985, 0.2016574393839453, 0.1942236039663494, -1.0393164907420371, -0.05607213451687004, 0.46675720553011985, -1.2867342734501768, 0.40292117485950607]
[-1.1621686433760188, 0.20275621193953058, 0.19694053618898977, -1.021789594366582, -0.05581145982599989, 0.4679321997451942, -1.270145578891142, 0.4016416226723345]
[-1.1461218400856485, 0.20387842195931838, 0.19962937441602588, -1.0042890774225732, -0.05551383579050634, 0.46907162064851304, -1.2535568843321072, 0.4003620704851629]
[-1.1301038360715356, 0.2050235762476809, 0.20228973507883954, -0.9868151141917653, -0.05517972646812022, 0.47017512743506895, -1.2369681897730724, 0.39908251829799135]
[-1.1141146907783768, 0.20619117816521287, 0.204921238671199, -0.969367872358434, -0.05480960025974457, 0.4712423835674883, -1.2203794952140377, 0.3978029661108198]
[-1.0981544568116783, 0.20738072773595934, 0.20752350980339637, -0.9519475129737461, -0.054403929804009044, 0.4722730568289828, -1.2037908006550029, 0.3965234139236482]
[-1.082223179911088, 0.20859172175525412, 0.2100961772557977, -0.9345541904216728, -0.053963191871151034, 0.473266819375708, -1.187202106095968, 0.39524386173647663]
[-1.0663208989252912, 0.20982365389814409, 0.21263887403179837, -0.9171880523864537, -0.05348786725625179, 0.4742233477885213, -1.1706134115369333, 0.39396430954930506]
[-1.05044764578848, 0.21107601482837698, 0.21515123741017583, -0.8998492398216196, -0.05297844067184529, 0.4751423231241323, -1.1540247169778985, 0.3926847573621335]
[-1.0346034454983986, 0.21234829230792698, 0.2176329089968327, -0.8825378869205809, -0.05243540063992977, 0.4760234309656375, -1.1374360224188638, 0.3914052051749619]
[-1.0187883160959739, 0.21363997130703574, 0.22008353477592243, -0.8652541210887856, -0.05185923938340101, 0.4768663614724322, -1.120847327859829, 0.39012565298779034]
[-1.0030022686465356, 0.2149505341147431, 0.2225027651603503, -0.8479980629174588, -0.051250452716934985, 0.47767080942949225, -1.1042586333007942, 0.38884610080061877]
[-0.9872453072226319, 0.21627946044988414, 0.224890255041643, -0.8307698261589229, -0.05060953993734199, 0.478436474296019, -1.0876699387417594, 0.3875665486134472]
[-0.9715174288884444, 0.2176262275725279, 0.22724566383917894, -0.8135695177035092, -0.04993700371341733, 0.47916306025343935, -1.0710812441827247, 0.3862869964262756]
[-0.9558186236858093, 0.21899031039583317, 0.22956865554877287, -0.7963972375580636, -0.04923334997531309, 0.47985027625275545, -1.0544925496236899, 0.38500744423910405]
[-0.9401488746218465, 0.22037118159829705, 0.2318588987906076, -0.7792530788260513, -0.048499087803455077, 0.4804978360612351, -1.037903855064655, 0.3837278920519325]
[-0.9245081576582028, 0.2217683117363713, 0.2341160668565061, -0.7621371276892668, -0.0477347293170296, 0.48110545830843826, -1.0213151605056203, 0.3824483398647609]
[-0.908896441701911, 0.223181169357422, 0.23633983775653697, -0.7450494633911487, -0.046940789562065155, 0.48167286653157065, -1.0047264659465855, 0.3811687876775893]
[-0.8933136885978692, 0.22460922111300774, 0.23852989426494728, -0.7279901582217111, -0.046117786399133, 0.4821997892201609, -0.9881377713875509, 0.37988923549041775]
[-0.8777598531229425, 0.22605193187245137, 0.24068592396541524, -0.7109592775040837, -0.04526624039069188, 0.4826859598600504, -0.9715490768285162, 0.3786096833032462]
[-0.8622348829816905, 0.22750876483668023, 0.24280761929561726, -0.6939568795826765, -0.044386674688102284, 0.48313111697669453, -0.9549603822694815, 0.3773301311160746]
[-0.8467387188037219, 0.22897918165231063, 0.24489467759110217, -0.6769830158129602, -0.043479614918333465, 0.4835350041777641, -0.9383716877104469, 0.37605057892890303]
[-0.831271294142677, 0.23046264252595092, 0.2469468011284673, -0.660037730552871, -0.04254558907038933, 0.48389737019504486, -0.9217829931514122, 0.37477102674173146]
[-0.8158325354768426, 0.23195860633869797, 0.248963697167829, -0.6431210611558418, -0.04158512738147929, 0.4842179689256253, -0.9051942985923775, 0.3734914745545599]
[-0.8004223622113962, 0.2334665307608028, 0.2509450779945829, -0.6262330379654562, -0.040598762222955914, 0.48449655947237025, -0.8886056040333429, 0.3722119223673883]
[-0.7850406866822838, 0.23498587236647947, 0.25289066096044677, -0.6093736843117334, -0.03958702798604838, 0.48473290618367154, -0.8720169094743082, 0.37093237018021674]
[-0.7696874141617288, 0.23651608674883287, 0.25480016852378123, -0.5925430165090392, -0.03855046096741263, 0.48492677869247125, -0.8554282149152735, 0.36965281799304517]
[-0.7543624428653746, 0.23805662863487914, 0.2566733282891814, -0.5757410438556264, -0.03748959925452772, 0.4850779519545515, -0.8388395203562389, 0.3683732658058736]
[-0.7390656639610564, 0.23960695200063517, 0.2585098730463347, -0.5589677686348025, -0.03640498261095912, 0.4851862062860859, -0.8222508257972042, 0.367093713618702]
[-0.7237969615792074, 0.24116651018625038, 0.26030954080813934, -0.5422231861177292, -0.0352971523615179, 0.4852513274004451, -0.8056621312381695, 0.36581416143153045]
[-0.7085562128248903, 0.242734756011157, 0.26207207484807676, -0.5255072845678445, -0.03416665127733817, 0.48527310644425414, -0.7890734366791349, 0.3645346092443589]
[-0.6933432877914617, 0.2443111418892127, 0.26379722373683484, -0.508820045246916, -0.033014023460899655, 0.48525134003269343, -0.7724847421201002, 0.3632550570571873]
[-0.6781580495758579, 0.2458951199438113, 0.2654847413781742, -0.4921614424227163, -0.031839814231018726, 0.48518583028403917, -0.7558960475610655, 0.36197550487001573]
[-0.6630003542955085, 0.2474861421229354, 0.26713438704403514, -0.47553144337832376, -0.030644570007835936, 0.48507638485344007, -0.7393073530020309, 0.36069595268284416]
[-0.6478700511068686, 0.24908366031412735, 0.2687459254088772, -0.4589300084230422, -0.02942883819782119, 0.4849228169659207, -0.7227186584429962, 0.3594164004956726]
[-0.6327669822255698, 0.25068712645935154, 0.2703191265832495, -0.44235709090494246, -0.028193167078825743, 0.48472494544861267, -0.7061299638839615, 0.358136848308501]
[-0.6176909829481867, 0.252295992669725, 0.27185376614658463, -0.42581263722501567, -0.026938105685201996, 0.48448259476220357, -0.6895412693249269, 0.35685729612132944]
[-0.6026418816756128, 0.25390971134008994, 0.27334962517921274, -0.40929658685294346, -0.025664203693020027, 0.4841955950316017, -0.6729525747658922, 0.35557774393415786]
[-0.5876194999380447, 0.25552773526340367, 0.27480649029359105, -0.3928088723444729, -0.024372011305402286, 0.48386378207581243, -0.6563638802068575, 0.3542981917469863]
[-0.5726236524215675, 0.2571495177449211, 0.2762241536647442, -0.3763494193604, -0.0230620791380049, 0.48348699743702056, -0.6397751856478229, 0.3530186395598147]
[-0.5576541469963373, 0.25877451271614543, 0.27760241305991035, -0.3599181466871497, -0.021734958104666025, 0.4830650884088732, -0.6231864910887882, 0.35173908737264314]
[-0.5427107847463578, 0.26040217484852074, 0.2789410718673907, -0.34351496625895683, -0.020391199303251284, 0.48259790806396274, -0.6065977965297535, 0.35045953518547157]
[-0.5277933600008405, 0.26203195966684384, 0.2802399391245964, -0.32713978318163206, -0.019031353901716064, 0.48208531528050275, -0.5900091019707189, 0.3491799829983]
[-0.5129016603671489, 0.26366332366236916, 0.2814988295452896, -0.31079249575791845, -0.017655973024413296, 0.4815271747681932, -0.5734204074116842, 0.3479004308111284]
[-0.49803546676531346, 0.2652957244055831, 0.2827175635460152, -0.2944729955144234, -0.016265607638667523, 0.48092335709327216, -0.5568317128526495, 0.34662087862395685]
[-0.4831945534641171, 0.26692862065862194, 0.2838959672717187, -0.27818116723012687, -0.014860808441645168, 0.4802737387027498, -0.5402430182936149, 0.3453413264367853]
[-0.4683786881187398, 0.2685614724873113, 0.2850338726205468, -0.2619168889664543, -0.013442125747538447, 0.47957820194782064, -0.5236543237345802, 0.3440617742496137]
[-0.45358763180995665, 0.2701937413728007, 0.28613111726782814, -0.24568003209891118, -0.012010109375093336, 0.47883663510645164, -0.5070656291755455, 0.34278222206244213]
[-0.4388211390848816, 0.27182489032276924, 0.28718754468922836, -0.22947046135026922, -0.01056530853550336, 0.4780489324051406, -0.4904769346165109, 0.34150266987527056]
[-0.4240789579992487, 0.2734543839821804, 0.28820300418307937, -0.21328803482529898, -0.00910827172069184, 0.4772149940398451, -0.4738882400574762, 0.340223117688099]
[-0.4093608301612218, 0.2750816887435589, 0.28917735089187685, -0.1971326040470377, -0.007639546592010493, 0.47633472619607464, -0.45729954549844154, 0.3389435655009274]
[-0.3946664907767252, 0.2767062728567685, 0.2901104458229448, -0.18100401399458843, -0.006159679869373602, 0.47540804106814716, -0.4407108509394069, 0.33766401331375584]
[-0.37999566869628465, 0.27832760653826477, 0.29100215586826295, -0.16490210314243878, -0.004669217220857225, 0.4744348568776028, -0.4241221563803722, 0.33638446112658427]
[-0.3653480864633706, 0.27994516207980136, 0.29185235382345476, -0.14882670350129, -0.003168703152780339, 0.4734150978907761, -0.40753346182133754, 0.3351049089394127]
[-0.3507234603642327, 0.28155841395656395, 0.2926609184059338, -0.13277764066039013, -0.0016586809002984149, 0.4723486944355213, -0.3909447672623029, 0.3338253567522411]
[-0.3361215004792163, 0.2831668389347106, 0.29342773427220475, -0.1167547338313579, -0.00013969231852761776, 0.4712355829170889, -0.3743560727032682, 0.33254580456506955]
[-0.32154191073555005, 0.28476991617829467, 0.29415269203431715, -0.10075779589349057, 0.001387722225774768, 0.47007570583315106, -0.35776737814423354, 0.331266252377898]
[-0.3069843889615939, 0.28636712735554565, 0.2948356882754706, -0.08478663344054313, 0.0029230239619502663, 0.46886901178797546, -0.34117868358519887, 0.32998670019072635]
[-0.2924486269425361, 0.2879579567444883, 0.29547662556476634, -0.06884104682896963, 0.0044656758225778415, 0.46761545550574035, -0.3245899890261642, 0.32870714800355477]
[-0.2779343104775277, 0.2895418913378733, 0.2960754124711068, -0.05292083022761396, 0.006015142549986641, 0.4663149978429947, -0.30800129446712954, 0.32742759581638314]
[-0.263441119438244, 0.29111842094740087, 0.2966319635762382, -0.03702577166884213, 0.007570890802122532, 0.4649676058002583, -0.29141259990809487, 0.32614804362921157]
[-0.24896872782885826, 0.2926870383072113, 0.2971461994869355, -0.021155653101099653, 0.009132389257742568, 0.4635732525327589, -0.2748239053490602, 0.32486849144203994]
[-0.23451680384741797, 0.29424723917662343, 0.29761804684632814, -0.005310250442886938, 0.010699108720919226, 0.46213191736030884, -0.25823521079002554, 0.3235889392548683]
[-0.2200850099486087, 0.29579852244209565, 0.29804743834436465, 0.010510666361864346, 0.012270522224827718, 0.4606435857763148, -0.24164651623099087, 0.32230938706769674]
[-0.20567300290789425, 0.29734039021839076, 0.2984343127274143, 0.02630733328702059, 0.013846105134797837, 0.459108249455923, -0.2250578216719562, 0.32102983488052517]
[-0.19128043388701788, 0.2988723479489205, 0.29877861480700546, 0.042079992166102226, 0.015425335250606853, 0.4575259062632956, -0.20846912711292154, 0.31975028269335354]
[-0.17690694850085256, 0.3003939045052496, 0.299080295467698, 0.05782889063277036, 0.017007692907992034, 0.45589656025801967, -0.19188043255388687, 0.3184707305061819]
[-0.1625521868855852, 0.3019045722857378, 0.29933931167408984, 0.07355428205996578, 0.018592661079362083, 0.45422022170064624, -0.1752917379948522, 0.31719117831901034]
[-0.1482157837682206, 0.3034038673132977, 0.299555626476956, 0.08925642549770826, 0.020179725473683796, 0.4524969070573578, -0.1587030434358175, 0.3159116261318387]
[-0.1338973685373909, 0.3048913093322496, 0.2997292090185198, 0.10493558560957489, 0.021768374635527776, 0.45072663900376536, -0.14211434887678281, 0.31463207394466713]
[-0.1195965653154556, 0.30636642190425006, 0.2998600345368541, 0.12059203260786655, 0.02335810004324529, 0.4489094464278328, -0.12552565431774812, 0.3133525217574955]
[-0.10531299303187593, 0.30782873250327614, 0.2999480843694146, 0.13622604218748446, 0.024948396206263657, 0.44704536443192866, -0.10893695975871343, 0.31207296957032393]
[-0.0910462654978497, 0.30927777260964284, 0.29999334595570104, 0.1518378954585238, 0.026538760761471936, 0.4451344343340039, -0.09234826519967873, 0.3107934173831523]
[-0.07679599148218914, 0.31071307780303575, 0.29999581283904997, 0.16742787887760602, 0.028128694568682833, 0.4431767036678974, -0.07575957064064404, 0.3095138651959807]
[-0.0625617747884269, 0.31213418785453717, 0.2999554846675549, 0.18299628417796318, 0.029717701805147823, 0.4411722261827661, -0.05917087608160934, 0.3082343130088091]
[-0.04834321433313317, 0.31354064681762744, 0.29987236719411725, 0.1985434082982882, 0.03130529005910532, 0.43912106184164296, -0.04258218152257463, 0.3069547608216375]
[-0.0341399042254273, 0.31493200311814185, 0.2997464722756253, 0.21406955331037175, 0.032890970422344734, 0.43702327681911934, -0.025993486963539925, 0.3056752086344659]
[-0.019951433847667167, 0.316307809643163, 0.2995778178712628, 0.22957502634553728, 0.03447425758176409, 0.4348789434981544, -0.009404792404505216, 0.30439565644729427]
[-0.005777387937299242, 0.3176676238288319, 0.2993664280399473, 0.245060139519895, 0.03605466990990608, 0.43268814046601217, 0.007183902154529489, 0.3031161042601227]
[0.00838265333014893, 0.3190110077470562, 0.2991123329368976, 0.26052520985842864, 0.03763172955444816, 0.43045095250932275, 0.0237725967135642, 0.30183655207295107]
[0.0225291142569502, 0.3203375281911005, 0.2988155688093326, 0.27597055921793523, 0.039204962526635356, 0.42816747060827476, 0.04036129127259891, 0.3005569998857795]
[0.03666242353795292, 0.3216467567600373, 0.2984761779913001, 0.29139651420883234, 0.04077389878862864, 0.425837791929932, 0.05694998583163362, 0.29927744769860787]
[0.05078301417426613, 0.3229382699420437, 0.29809420889763827, 0.30680340611585294, 0.042338072339761224, 0.4234620198206831, 0.07353868039066833, 0.2979978955114363]
[0.06489132338587517, 0.32421164919652407, 0.29766971601706843, 0.32219157081764466, 0.04389702130167383, 0.4210402637978166, 0.09012737494970303, 0.29671834332426467]
[0.0789877925232046, 0.32546648103504267, 0.297202759904423, 0.33756134870529264, 0.04545028800232209, 0.41857263954023194, 0.10671606950873773, 0.2954387911370931]
[0.09307286697764941, 0.3267023571010483, 0.29669340717200643, 0.3529130845997832, 0.04699741905882915, 0.4160592688782769, 0.12330476406777244, 0.29415923894992146]
[0.10714699609109163, 0.327918874248375, 0.29614173048009323, 0.3682471276684285, 0.04853796545917477, 0.41350027978272375, 0.13989345862680713, 0.2928796867627499]
[0.12121063306442391, 0.32911563461850163, 0.2955478085265628, 0.38356383134026983, 0.05007148264269762, 0.4108958063528756, 0.15648215318584185, 0.29160013457557826]
[0.13526423486509787, 0.33029224571655447, 0.29491172603567284, 0.39886355322048067, 0.051597530579399586, 0.40824598880381235, 0.17307084774487655, 0.2903205823884067]
[0.1408534581102703, 0.33075472794667343, 0.2946469242036432, 0.4049466522589983, 0.05220256905551901, 0.40717905108925456, 0.17967147007584572, 0.2898114500567317]
[0.1408534581102703, 0.33075472794667343, 0.2946469242036432, 0.4049466522589983, 0.05220256905551901, 0.40717905108925456, 0.17967147007584572, 0.2898114500567317]
[0.16031760957726623, 0.3306480295540929, 0.2949041668672899, 0.4189705416684225, 0.047755625243720734, 0.4092306655635443, 0.19747062616913563, 0.29001324491784924]
[0.17975837079737067, 0.33049394036192525, 0.2951551284046877, 0.4328950116939897, 0.04337311998528531, 0.4112734970714125, 0.21526978226242555, 0.2902150397789668]
[0.19917454300223641, 0.33029321954556384, 0.29539980347063893, 0.4467212509375412, 0.039057228911516195, 0.41330750105564734, 0.23306893835571546, 0.29041683464008433]
[0.21856494789001554, 0.3300466550181128, 0.2956381868538404, 0.4604504962836115, 0.03481010408897217, 0.4153326331485383, 0.2508680944490054, 0.2906186295012019]
[0.23792842829541205, 0.3297550629187872, 0.29587027347699485, 0.47408403240427566, 0.030633872939064055, 0.41734884917284387, 0.2686672505422953, 0.2908204243623194]
[0.25726384884741127, 0.3294192870859278, 0.29609605839691894, 0.48762319123970665, 0.026530637168498017, 0.41935610514275584, 0.2864664066355852, 0.29102221922343696]
[0.27657009661433674, 0.3290401985149211, 0.29631553680464834, 0.5010693514546863, 0.022502471711111416, 0.4213543572648585, 0.3042655627288751, 0.2912240140845545]
[0.29584608173589055, 0.3286186948013237, 0.29652870402554066, 0.5144239378713266, 0.01855142368164492, 0.4233435619390843, 0.32206471882216503, 0.29142580894567205]
[0.3150907380418412, 0.3281556995694977, 0.2967355555193742, 0.5276884208782684, 0.014679511341986029, 0.42532367575966545, 0.33986387491545494, 0.2916276038067896]
[0.3343030236570289, 0.3276521618870712, 0.2969360868804455, 0.5408643158166416, 0.010888723080412888, 0.4272946555160806, 0.35766303100874486, 0.29182939866790714]
[0.3534819215923675, 0.32710905566554616, 0.2971302938376626, 0.5539531823430763, 0.007181016404365026, 0.4292564581939985, 0.3754621871020348, 0.2920311935290247]
[0.3726264403215277, 0.3265273790473818, 0.2973181722546363, 0.5669566237700723, 0.0035583169472548914, 0.43120904097621626, 0.3932613431953247, 0.2922329883901422]
[0.3917356143429948, 0.32590815377989074, 0.2974997181297682, 0.579876286384039, 2.251748983089774e-05, 0.43315236124359435, 0.4110604992886146, 0.29243478325125977]
[0.4108085047272025, 0.32525242457628945, 0.2976749275963358, 0.592713858741339, -0.0034245230034039564, 0.4350863765759865, 0.4288596553819045, 0.2926365781123773]
[0.42984419964845116, 0.3245612584642543, 0.297843796922575, 0.6054710709426703, -0.006780980332224351, 0.437011044753166, 0.44665881147519443, 0.29283837297349485]
[0.4488418149013282, 0.323835744122339, 0.2980063225117596, 0.6181496938861373, -0.010045065992677571, 0.43892632375574736, 0.46445796756848434, 0.2930401678346124]
[0.46780049440135507, 0.32307699120461514, 0.29816250090227775, 0.6307515384993749, -0.013215028092561698, 0.4408321717661038, 0.48225712366177426, 0.29324196269572994]
[0.48671941066959534, 0.3222861296539066, 0.29831232876770586, 0.6432784549510951, -0.01628915224991495, 0.4427285471692801, 0.5000562797550642, 0.2934437575568475]
[0.5055977653009663, 0.3214643090039911, 0.29845580291687934, 0.6557323318424382, -0.019265762474055093, 0.4446154085539018, 0.517855435848354, 0.29364555241796503]
[0.5244347894160046, 0.32061269767115047, 0.29859292029396056, 0.6681150953785236, -0.022143222028713272, 0.44649271471307905, 0.5356545919416439, 0.29384734727908257]
[0.5432297440958451, 0.3197324822354556, 0.2987236779785039, 0.6804287085206028, -0.024919934276817268, 0.44836042464530645, 0.5534537480349337, 0.2940491421402001]
[0.5619819208001837, 0.31882486671217747, 0.2988480731855183, 0.6926751701192257, -0.027594343506489316, 0.4502184975553598, 0.5712529041282236, 0.29425093700131766]
[0.5806906417679999, 0.31789107181372195, 0.29896610326552603, 0.7048565140288474, -0.030164935737829746, 0.4520668928551853, 0.5890520602215135, 0.2944527318624352]
[0.5993552604008273, 0.3169323342024889, 0.29907776570461936, 0.716974808204303, -0.03263023951007227, 0.45390557016478783, 0.6068512163148033, 0.29465452672355275]
[0.6179751616283671, 0.31594990573506354, 0.2991830581245143, 0.7290321537795968, -0.03498882664870079, 0.45573448931311233, 0.6246503724080932, 0.2948563215846703]
[0.636549762256252, 0.31494505269814993, 0.29928197828260106, 0.7410306841294543, -0.037239313012133235, 0.45755361033892183, 0.642449528501383, 0.29505811644578783]
[0.6550785112957744, 0.3139190550366633, 0.2993745240719918, 0.7529725639140974, -0.039380359217583094, 0.45936289349167014, 0.6602486845946729, 0.2952599113069054]
[0.6735608902754031, 0.31287320557439924, 0.2994606935215655, 0.7648599881077134, -0.041410671345724515, 0.46116229923237123, 0.6780478406879628, 0.2954617061680229]
[0.6919964135339249, 0.3118088092277051, 0.2995404847960101, 0.7766951810110916, -0.04332900162379377, 0.46295178823446237, 0.6958469967812526, 0.29566350102914046]
[0.710384628495053, 0.310727182212579, 0.2996138961958613, 0.7884803952489154, -0.04513414908677177, 0.46473132138466466, 0.7136461528745425, 0.295865295890258]
[0.7287251159233585, 0.309629651245628, 0.29968092615753933, 0.8002179107522026, -0.04682496021630583, 0.46650085978383765, 0.7314453089678323, 0.29606709075137555]
[0.7470174901613863, 0.3085175527393194, 0.2997415732533813, 0.8119100337263937, -0.04840032955703538, 0.4682603647478287, 0.7492444650611222, 0.2962688856124931]
[0.7652613993478324, 0.3073922319919612, 0.29979583619167255, 0.8235590956055985, -0.049859200310001295, 0.4700097978083201, 0.767043621154412, 0.29647068047361064]
[0.7834565256166638, 0.3062550423728516, 0.2998437138166737, 0.8351674519935145, -0.051200564902829926, 0.4717491207136695, 0.7848427772477019, 0.2966724753347282]
[0.8016025852770765, 0.30510734450304067, 0.29988520510864525, 0.846737481591541, -0.052423465536391656, 0.4734782954297462, 0.8026419333409918, 0.2968742701958457]
[0.819699328974197, 0.30395050543214636, 0.2999203091838695, 0.8582715851146182, -0.053526994707650266, 0.47519728414076295, 0.8204410894342816, 0.29707606505696327]
[0.8377465418304384, 0.3027858978116741, 0.2999490252946693, 0.869772184195325, -0.05451029570842536, 0.4769060492501034, 0.8382402455275715, 0.2972778599180808]
[0.8557440435674403, 0.3016148990652858, 0.2999713528294238, 0.8812417202767796, -0.05537256309980937, 0.4786045533811431, 0.8560394016208613, 0.29747965477919835]
[0.8736916886085239, 0.3004388905564703, 0.29998729131258167, 0.8926826534948885, -0.0561130431619859, 0.48029275937806915, 0.8738385577141512, 0.2976814496403159]
[0.8915893661616098, 0.2992592567540641, 0.2999968404046712, 0.9040974615504975, -0.05673103431921522, 0.48197063030669074, 0.8916377138074411, 0.29788324450143344]
[0.9094370002825536, 0.29807738439607845, 0.2999999999023074, 0.9154886385720034, -0.05722588753975755, 0.48363812945524925, 0.9094368699007309, 0.298085039362551]
[0.9272345499188661, 0.2968946616522814, 0.29999676973819683, 0.9268586939689892, -0.057597006710527365, 0.48529522033521993, 0.9272360259940208, 0.29828683422366853]
[0.9449820089337935, 0.29571247728599337, 0.299987149981138, 0.9382101512774508, -0.05784384898627282, 0.4869418666821111, 0.9450351820873106, 0.2984886290847861]
[0.9626794061107464, 0.2945322198155472, 0.2999711408360211, 0.9495455469971881, -0.0579659251131, 0.48857803245625764, 0.9628343381806005, 0.2986904239459036]
[0.9803268051380735, 0.29335527667586964, 0.2999487426438228, 0.9608674294219357, -0.057962799726161585, 0.49020368184361013, 0.9806334942738903, 0.29889221880702116]
[0.9979243045741887, 0.2921830333806365, 0.2999199558815993, 0.9721783574628158, -0.05783409162135583, 0.4918187792565176, 0.9984326503671803, 0.2990940136681387]
[1.0154720377930702, 0.2910168726854583, 0.2998847811624763, 0.9834808994656946, -0.0575794740008817, 0.4934232893345086, 1.0162318064604703, 0.29929580852925625]
[1.0329701729101595, 0.28985817375254713, 0.29984321923563556, 0.9947776320230315, -0.057198674692522045, 0.495017176945063, 1.0340309625537603, 0.2994976033903738]
[1.0504189126886998, 0.28870831131732083, 0.29979527098629927, 1.0060711387808086, -0.056691476342527414, 0.4966004071843832, 1.0518301186470502, 0.29969939825149133]
[1.067818494426565, 0.2875686548573931, 0.2997409374357111, 1.0173640092411376, -0.05605771658199821, 0.4981729453781572, 1.0696292747403402, 0.2999011931126089]
[1.0851691898236353, 0.28644056776440285, 0.2996802197411144, 1.0286588375611325, -0.05529728816666668, 0.499734757082319, 1.0874284308336302, 0.3001029879737264]
[1.1024713048297945, 0.28532540651913013, 0.29961311919572764, 1.039958221348652, -0.05441013909000064, 0.5012858080838019, 1.1052275869269201, 0.30030478283484396]
[1.1197251794736254, 0.28422451987034736, 0.29953963722871674, 1.0512647604555052, -0.05339627266955832, 0.5028260644012887, 1.12302674302021, 0.3005065776959615]
[1.1369311876718964, 0.28313924801785034, 0.2994597754051647, 1.062581055768723, -0.05225574760654339, 0.5043554922859566, 1.1408258991135, 0.30070837255707905]
[1.15408973701994, 0.28207092180011223, 0.29937353542603845, 1.073909708000497, -0.05098867801851942, 0.505874058222215, 1.15862505520679, 0.3009101674181966]
[1.1712012685630335, 0.28102086188700304, 0.29928091912815225, 1.0852533164773857, -0.049595233445252185, 0.5073817289284419, 1.17642421130008, 0.30111196227931414]
[1.1882662565489033, 0.27999037797801024, 0.2991819284841288, 1.0966144779293934, -0.048075638827674794, 0.5088784713577116, 1.19422336739337, 0.3013137571404317]
[1.205285208161486, 0.2789807680063981, 0.2990765656023572, 1.1079957852795217, -0.04643017445996728, 0.5103642526985205, 1.21202252348666, 0.3015155520015492]
[1.222258663236083, 0.2779933173497363, 0.298964832726948, 1.119399826434398, -0.044659175914771754, 0.5118390403755051, 1.22982167957995, 0.30171734686266677]
[1.2391871939560664, 0.277029298047228, 0.2988467322376856, 1.1308291830765838, -0.042763033941565, 0.513302802050157, 1.24762083567324, 0.3019191417237843]
[1.2560714045312886, 0.2760899680242612, 0.2987222666499771, 1.1422864294591601, -0.04074219433823384, 0.5147555056215313, 1.2654199917665296, 0.30212093658490186]
[1.272911930858376, 0.2751765703246068, 0.2985914386147993, 1.1537741312031973, -0.038597157795904335, 0.5161971192269517, 1.2832191478598196, 0.3023227314460194]
[1.2882337244645563, 0.2743671608978749, 0.2984665722589561, 1.1642801516169978, -0.03653296507506104, 0.517502239327901, 1.2994527807459235, 0.3025067774578929]
[1.2882337244645563, 0.2743671608978749, 0.2984665722589561, 1.1642801516169978, -0.03653296507506104, 0.517502239327901, 1.2994527807459235, 0.3025067774578929]
[1.2837297210933818, 0.2745796135560398, 0.29894166819950924, 1.1626489335677725, -0.03659849140781868, 0.5191861457313649, 1.2928594072825577, 0.29804294333213294]
[1.279149810545098, 0.274831389484887, 0.299329053670969, 1.1609394126912942, -0.03659439379489371, 0.5207794619971233, 1.2862660338191918, 0.293579109206373]
[1.2744929072836295, 0.275120160811535, 0.29962861501316346, 1.159150161129401, -0.036523056546162946, 0.5222820586976119, 1.279672660355826, 0.289115275080613]
[1.2697579819185179, 0.2754435738021641, 0.29984026433380906, 1.1572798079867177, -0.036386893820250954, 0.5236938322110124, 1.27307928689246, 0.28465144095485306]
[1.264944061853183, 0.27579925032791813, 0.2999639395342988, 1.1553270400259665, -0.03618834814804439, 0.5250147047472461, 1.2664859134290942, 0.2801876068290931]
[1.2600502318959688, 0.2761847893467364, 0.2999996043279218, 1.1532906023259308, -0.0359298889397186, 0.5262446243663991, 1.2598925399657284, 0.27572377270333315]
[1.2550756348335737, 0.2765977684001617, 0.29994724825051033, 1.1511692989016657, -0.035614010976232624, 0.527383564989573, 1.2532991665023625, 0.2712599385775732]
[1.2500194719665012, 0.2770357451241608, 0.2998068866635098, 1.1489619932865829, -0.035243232886255915, 0.52843152640216, 1.2467057930389966, 0.26679610445181323]
[1.2448810036061837, 0.2774962587729851, 0.29957856074947165, 1.1466676090760552, -0.03482009560950272, 0.5293885342495389, 1.2401124195756308, 0.2623322703260533]
[1.2396595495334581, 0.27797683175508997, 0.29926233749997033, 1.1442851304322181, -0.034347160847456926, 0.5302546400251957, 1.233519046112265, 0.2578684362002933]
[1.2343544894181029, 0.27847497118012426, 0.29885830969594773, 1.1418136025496637, -0.0338270095024768, 0.5310299210512704, 1.226925672648899, 0.25340460207453336]
[1.228965263199161, 0.27898817041599383, 0.2983665958804911, 1.1392521320817512, -0.03326224010627998, 0.5317144804515366, 1.2203322991855332, 0.24894076794877343]
[1.22349137142581, 0.2795139106549967, 0.2977873403240517, 1.1365998875272871, -0.032655467238810576, 0.5323084471168225, 1.2137389257221676, 0.2444769338230135]
[1.2179323755585552, 0.2800496624880208, 0.29712071298211584, 1.133856099577342, -0.03200931993850181, 0.5328119756628825, 1.207145552258802, 0.24001309969725357]
[1.2122878982305587, 0.28059288748579203, 0.2963669094453391, 1.131020061422013, -0.03132644010494773, 0.5332252463807325, 1.200552178795436, 0.23554926557149364]
[1.2065576234689321, 0.2811410397861521, 0.2955261508821595, 1.1280911290169535, -0.030609480895006314, 0.5335484651794629, 1.1939588053320704, 0.2310854314457337]
[1.2007412968758526, 0.28169156768634684, 0.294598683973906, 1.1250687213095216, -0.02986110511335721, 0.5337818635215457, 1.1873654318687046, 0.22662159731997378]
[1.1948387257693902, 0.2822419152392969, 0.2935847808424212, 1.1219523204244293, -0.029083983598543084, 0.533925698350658, 1.180772058405339, 0.22215776319421385]
[1.188849779283953, 0.2827895238528248, 0.29248473897022, 1.1187414718087938, -0.02828079360552388, 0.5339802520120376, 1.174178684941973, 0.21769392906845392]
[1.182774388430289, 0.2833318338908072, 0.2912988811132073, 1.115435784336523, -0.027454217185778673, 0.5339458321653991, 1.1675853114786074, 0.213230094942694]
[1.1766125461150092, 0.28386628627522187, 0.29002755520598034, 1.1120349303719919, -0.02660693956598581, 0.533822771690434, 1.1609919380152416, 0.20876626081693406]
[1.1703643071196175, 0.2843903240880574, 0.28867113425974356, 1.1085386457929918, -0.025741647526319134, 0.5336114285849218, 1.154398564551876, 0.20430242669117413]
[1.1640297880390666, 0.2849013941720535, 0.2872300162528657, 1.1049467299729638, -0.024861027779393086, 0.5333121858554835, 1.14780519108851, 0.1998385925654142]
[1.1576091671798812, 0.2853969487292418, 0.2857046240141119, 1.1012590457225513, -0.02396776535089018, 0.5329254514010098, 1.1412118176251445, 0.19537475843965427]
[1.151102684417912, 0.2858744469162568, 0.28409540509858416, 1.0974755191905305, -0.02306454196290547, 0.5324516578887968, 1.1346184441617786, 0.19091092431389434]
[1.1445106410158228, 0.28633135643538954, 0.2824028316564074, 1.0935961397242135, -0.022154034421036417, 0.5318912626234261, 1.1280250706984127, 0.18644709018813438]
[1.137833399400422, 0.28676515512036016, 0.28062740029419864, 1.0896209596894293, -0.021238913006246585, 0.5312447474084288, 1.121431697235047, 0.18198325606237442]
[1.1310713828999908, 0.28717333251578636, 0.27876963192936166, 1.085550094250232, -0.020321839872529723, 0.5305126184007729, 1.1148383237716812, 0.1775194219366145]
[1.1242250754417789, 0.28755339144933184, 0.27683007163724743, 1.0813837211084958, -0.019405467451391156, 0.529695405958218, 1.1082449503083156, 0.17305558781085456]
[1.1172950212098618, 0.2879028495955216, 0.27480928849122765, 1.0771220802035884, -0.018492436864165962, 0.5287936644795795, 1.1016515768449497, 0.1685917536850946]
[1.1102818242635901, 0.2882192410302167, 0.2727078753957266, 1.0727654733723477, -0.017585376343182912, 0.5278079722379543, 1.095058203381584, 0.16412791955933465]
[1.1031861481168723, 0.2885001177747477, 0.270526448912261, 1.0683142639695968, -0.016686899662778143, 0.5267389312069499, 1.0884648299182182, 0.1596640854335747]
[1.0960087152785722, 0.2887430513287118, 0.268265649078539, 1.063768876449469, -0.0157996045811592, 0.5255871668799762, 1.0818714564548526, 0.15520025130781473]
[1.0887503067543147, 0.28894563419044667, 0.26592613922067065, 1.0591297959078383, -0.01492607129410739, 0.5243533280826445, 1.0752780829914867, 0.15073641718205477]
[1.0814117615100294, 0.28910548136420144, 0.26350860575854634, 1.0543975675861712, -0.014068860901503444, 0.5230380867783362, 1.068684709528121, 0.1462725830562948]
[1.0739939758975783, 0.2892202318530348, 0.26101375800443855, 1.0495727963371453, -0.01323051388765073, 0.5216421378669936, 1.0620913360647553, 0.14180874893053486]
[1.0664979030428414, 0.2892875501364782, 0.2584423279548873, 1.044656146052403, -0.012413548616359682, 0.520166198977194, 1.0554979626013894, 0.13734491480477493]
[1.0589245521966628, 0.2893051276320119, 0.25579507007593033, 1.0396483390528333, -0.011620459841752084, 0.5186110102515668, 1.0489045891380238, 0.13288108067901497]
[1.0512749880490708, 0.28927068413941376, 0.2530727610817399, 1.0345501554417933, -0.010853717235726978, 0.5169773341256187, 1.042311215674658, 0.128417246553255]
[1.0435503300072284, 0.28918196926705064, 0.2502761997067325, 1.0293624324217199, -0.010115763933025046, 0.5152659551000296, 1.035717842211292, 0.12395341242749507]
[1.035751751437576, 0.2890367638391921, 0.2474062064712173, 1.0240860635745865, -0.009409015094813067, 0.513477679506487, 1.0291244687479264, 0.11948957830173511]
[1.0278804788726619, 0.28883288128344226, 0.24446362344065317, 1.018721998106696, -0.008735856491698502, 0.5116133352671287, 1.0225310952845605, 0.11502574417597516]
[1.0199377911831768, 0.2885681689973958, 0.24144931397858357, 1.0132712400583197, -0.008098643107072645, 0.5096737716476629, 1.015937721821195, 0.1105619100502152]
[1.011925018715729, 0.28824050969363646, 0.238364162493323, 1.0077348474787167, -0.007499697761666313, 0.5076598590042384, 1.009344348357829, 0.10609807592445525]
[1.0038435423969208, 0.28784782272221476, 0.23520907417846873, 1.0021139315670848, -0.006941309760188641, 0.5055724885241404, 1.0027509748944634, 0.10163424179869528]
[0.9985498048278718, 0.28755647029410103, 0.233119372790153, 0.9984123286053207, -0.0066008881303386, 0.5041755101215994, 0.9984615557396398, 0.09873022677370448]
