[-1, 0.294030361697727, 0.2288060723395453, -1, 5.551115123125783e-17, 0.49999999999999994, -1, 0.1]
[-1, 0.294030361697727, 0.2288060723395453, -1, 5.551115123125783e-17, 0.49999999999999994, -1, 0.1]
[-0.9968729683428034, 0.288968418691116, 0.2296429038572265, -1.0069899278541734, -0.005027459507421339, 0.5006854664419912, -1.003511886476799, 0.09604340353229653]
[-0.9938221736227694, 0.2836769645789065, 0.2304754418994545, -1.0140537097291218, -0.00993618730042356, 0.5013665676128355, -1.0070237729535978, 0.09208680706459305]
[-0.990855628822553, 0.27815996674858057, 0.23130367090083803, -1.0211873667127311, -0.014722339675795004, 0.5020432879872551, -1.0105356594303967, 0.08813021059688957]
[-0.987981162319418, 0.2724216749331672, 0.23212757537654904, -1.0283867410023142, -0.019382203694799316, 0.5027156121205545, -1.0140475459071956, 0.08417361412918609]
[-0.9852064078528542, 0.2664666131122175, 0.23294713992261212, -1.0356475001090935, -0.023912205034298195, 0.5033835246489102, -1.0175594323839945, 0.0802170176614826]
[-0.9825387948351816, 0.2602995710536459, 0.23376234921619254, -1.042965141395335, -0.02830891570617572, 0.5040470102896581, -1.0210713188607934, 0.07626042119377913]
[-0.9799855390180818, 0.25392559551063476, 0.23457318801588273, -1.05033499694014, -0.03256906163128864, 0.5047060538415803, -1.0245832053375923, 0.07230382472607565]
[-0.9775536335274166, 0.24734998108826617, 0.23537964116198723, -1.0577522387293492, -0.03668953005428255, 0.5053606401851898, -1.0280950918143912, 0.06834722825837217]
[-0.9752498402780985, 0.24057826079499173, 0.23618169357680618, -1.065211884164442, -0.04066737678574839, 0.5060107542830146, -1.03160697829119, 0.06439063179066869]
[-0.9730806817801677, 0.23361619629447206, 0.23697933026491713, -1.072708801884776, -0.044499833258359156, 0.5066563811798782, -1.035118864767989, 0.06043403532296521]
[-0.9710524333466013, 0.2264697678737152, 0.23777253631345546, -1.080237717896943, -0.0481843133838058, 0.507297506003182, -1.0386307512447879, 0.05647743885526173]
[-0.969171115712741, 0.21914516414381324, 0.2385612968923931, -1.0877932220044917, -0.0517184201975594, 0.507934113963182, -1.0421426377215868, 0.05252084238755825]
[-0.9674424880765692, 0.21164877148992567, 0.23934559725481594, -1.0953697745307158, -0.055099952278711395, 0.5085661903532676, -1.0456545241983857, 0.04856424591985477]
[-0.9658720415684021, 0.2039871632874756, 0.24012542273719945, -1.102961713326687, -0.058326909932397114, 0.5091937205502362, -1.0491664106751846, 0.04460764945215129]
[-0.9644649931578821, 0.19616708890181977, 0.24090075875968286, -1.1105632610561829, -0.061397501122574305, 0.5098166900145681, -1.0526782971519835, 0.04065105298444781]
[-0.9632262800054744, 0.18819546248892108, 0.24167159082634174, -1.1181685327486575, -0.06431014714322555, 0.510435084290699, -1.0561901836287824, 0.03669445651674433]
[-0.9621605542649676, 0.18007935161478994, 0.24243790452545902, -1.1257715436108913, -0.0670634880163622, 0.5110488890072904, -1.0597020701055813, 0.03273786004904085]
[-0.9612721783427791, 0.17182596571167522, 0.24319968552979443, -1.1333662170874717, -0.06965638760554793, 0.5116580898774999, -1.0632139565823802, 0.028781263581337372]
[-0.9605652206191503, 0.16344264438916814, 0.24395691959685245, -1.140946393159778, -0.07208793843400663, 0.5122626726992484, -1.066725843059179, 0.024824667113633896]
[-0.9600434516356026, 0.1549368456185401, 0.24470959256914837, -1.1485058368726782, -0.07435746619676245, 0.5128626233554867, -1.070237729535978, 0.02086807064593042]
[-0.9597103407523018, 0.14631613380876277, 0.24545769037447324, -1.1560382470776858, -0.07646453395664726, 0.5134579278144599, -1.0737496160127769, 0.016911474178226943]
[-0.959569053278252, 0.1375881677927589, 0.24620119902615692, -1.1635372653809033, -0.07840894601442638, 0.5140485721299709, -1.0772615024895758, 0.012954877710523467]
[-0.9596224480765134, 0.1287606887425045, 0.24694010462332938, -1.170996485283638, -0.08019075144372409, 0.5146345424416412, -1.0807733889663746, 0.00899828124281999]
[-0.9598730756459088, 0.11984150803164437, 0.24767439335118085, -1.178409461503183, -0.08181024728188091, 0.515215824975172, -1.0842852754431735, 0.005041684775116514]
[-0.9603231766799518, 0.11083849506429914, 0.24840405148121986, -1.1857697194608579, -0.08326798136833878, 0.5157924060426011, -1.0877971619199724, 0.0010850883074130374]
[-0.9609746811030043, 0.10175956508872712, 0.24912906537153018, -1.1930707649240384, -0.08456475482263436, 0.5163642720425604, -1.0913090483967713, -0.002871508160290439]
[-0.9618292075829399, 0.09261266701446258, 0.24984942146702566, -1.2003060937885413, -0.08570162415457949, 0.5169314094605306, -1.0948209348735702, -0.0068281046279939145]
[-0.9628880635188692, 0.08340577125148049, 0.25056510629970374, -1.2074692019874036, -0.08667990299972392, 0.5174938048690948, -1.0983328213503691, -0.010784701095697392]
[-0.9641522455017613, 0.07414685758984081, 0.2512761064888973, -1.2145535955117708, -0.08750116347371988, 0.5180514449281904, -1.101844707827168, -0.014741297563400868]
[-0.9656224402450809, 0.0648439031381371, 0.2519824087415247, -1.2215528005293224, -0.08816723713975641, 0.5186043163853589, -1.105356594303967, -0.018697894031104344]
[-0.9672990259818548, 0.05550487033892227, 0.2526839998523385, -1.2284603735853756, -0.08868021558378245, 0.5191524060759944, -1.1088684807807658, -0.02265449049880782]
[-0.9691820743238755, 0.04613769507910033, 0.2533808667041721, -1.2352699118715633, -0.08904245059280903, 0.5196957009235912, -1.1123803672575647, -0.026611086966511297]
[-0.9712713525780635, 0.03675027491306734, 0.2540729962681852, -1.241975063546745, -0.0892565539321597, 0.5202341879399881, -1.1158922537343636, -0.030567683434214774]
[-0.9735663265143216, 0.02735045741614777, 0.25476037560410736, -1.248569538094599, -0.08932539671812736, 0.5207678542256127, -1.1194041402111625, -0.034524279901918246]
[-0.9760661635785444, 0.017946028685611883, 0.25544299186047975, -1.2550471167021575, -0.08925210838309891, 0.5212966869697224, -1.1229160266879614, -0.03848087636962172]
[-0.9787697365437839, 0.008544702006273393, 0.2561208322748957, -1.2614016626433817, -0.08904007523081559, 0.5218206734506464, -1.1264279131647603, -0.04243747283732519]
[-0.9816756275919251, -0.0008458933026466789, 0.2567938841742391, -1.2676271316517287, -0.08869293858005575, 0.5223398010360222, -1.1299397996415592, -0.046394069305028665]
[-0.9847821328175886, -0.010218222843039984, 0.25746213497492143, -1.273717582265552, -0.08821459249565075, 0.5228540571830338, -1.1334516861183581, -0.05035066577273214]
[-0.9880872671453562, -0.01956485787982655, 0.258125572183117, -1.2796671861300764, -0.08760918110637621, 0.5233634294386469, -1.136963572595157, -0.05430726224043561]
[-0.991588769650812, -0.028878485853662473, 0.2587841833949966, -1.2854702382396255, -0.08688109550989574, 0.523867905439842, -1.140475459071956, -0.058263858708139084]
[-0.9952841092752999, -0.03815192064924354, 0.25943795629695926, -1.2911211671037306, -0.08603497026557602, 0.5243674729138466, -1.1439873455487548, -0.06222045517584256]
[-0.9991704909237269, -0.047378112604438846, 0.2600868786658626, -1.296614544820737, -0.08507567947663512, 0.5248621196783653, -1.1474992320255537, -0.06617705164354604]
[-1.003244861934188, -0.056550158245939716, 0.2607309383692515, -1.301945097042525, -0.08400833246373265, 0.5253518336418086, -1.1510111185023526, -0.07013364811124952]
[-1.0075039189076516, -0.06566130973758175, 0.26137012336558435, -1.3071077128139974, -0.08283826903275829, 0.5258366028035192, -1.1545230049791515, -0.074090244578953]
[-1.0119441148854262, -0.0747049840279903, 0.26200442170445903, -1.3120974542710413, -0.08157105434022309, 0.5263164152539976, -1.1580348914559504, -0.07804684104665648]
[-1.0165616668616422, -0.08367477168471109, 0.26263382152683556, -1.3169095661807528, -0.08021247336030578, 0.5267912591751254, -1.1615467779327493, -0.08200343751435996]
[-1.0213525636174905, -0.09256444540251797, 0.2632583110652583, -1.3215394853078293, -0.07876852495825286, 0.5272611228403867, -1.1650586644095482, -0.08596003398206342]
[-1.0263125738635288, -0.10136796817413787, 0.26387787864407597, -1.3259828495911554, -0.07724541557547421, 0.5277259946150885, -1.168570550886347, -0.08991663044976689]
[-1.0314372546759114, -0.11007950111219668, 0.26449251267965934, -1.3302355071147782, -0.07564955253231657, 0.5281858629565787, -1.172082437363146, -0.09387322691747035]
[-1.0367219602120128, -0.11869341091177117, 0.2651022016806187, -1.33429352485765, -0.07398753695513285, 0.5286407164144629, -1.1755943238399449, -0.09782982338517382]
[-1.0421618506905117, -0.12720427694352626, 0.265706934248018, -1.3381531972067224, -0.0722661563348943, 0.529090543630819, -1.1791062103167438, -0.10178641985287729]
[-1.0477519016206553, -0.1356068979680268, 0.26630669907558835, -1.3418110542182173, -0.07049237672521734, 0.5295353333404105, -1.1826180967935427, -0.10574301632058075]
[-1.05348691326508, -0.14389629846243512, 0.2669014849499391, -1.3452638696121535, -0.06867333458829128, 0.529975074370898, -1.1861299832703416, -0.10969961278828422]
[-1.0593615203202575, -0.15206773455143932, 0.2674912807507679, -1.3485086684855034, -0.0668163282978019, 0.530409755643048, -1.1896418697471405, -0.11365620925598768]
[-1.0653702017983466, -0.16011669953490318, 0.26807607545106815, -1.3515427347296485, -0.0649288093085415, 0.5308393661709423, -1.1931537562239394, -0.11761280572369115]
[-1.0715072910939758, -0.16803892900538364, 0.26865585811733556, -1.3543636181381506, -0.0630183730029864, 0.5312638950621825, -1.1966656427007383, -0.12156940219139462]
[-1.077766986219242, -0.17583040554932533, 0.2692306179097723, -1.3569691411912046, -0.06109274922569473, 0.5316833315180958, -1.2001775291775372, -0.12552599865909808]
[-1.0841433601900132, -0.1834873630264151, 0.2698003440824898, -1.3593574055035207, -0.05915979251694441, 0.5320976648339365, -1.203689415654336, -0.12948259512680155]
[-1.090630371546431, -0.19100629042225709, 0.2703650259837096, -1.3615267979227899, -0.05722747205757808, 0.5325068843990879, -1.207201302131135, -0.133439191594505]
[-1.0972218749903668, -0.1983839352702148, 0.2709246530559624, -1.3634759962663106, -0.055303861337559684, 0.5329109796972605, -1.2107131886079339, -0.13739578806220848]
[-1.1039116321224527, -0.20561730663895628, 0.27147921483628584, -1.365203974683802, -0.053397127561266106, 0.5333099403066905, -1.2142250750847328, -0.14135238452991195]
[-1.1106933222612105, -0.21270367768293047, 0.27202870095641957, -1.3667100086349, -0.051515520803043, 0.5337037559003341, -1.2177369615615317, -0.1453089809976154]
[-1.1175605533267372, -0.21964058775370127, 0.2725731011429995, -1.367993679470325, -0.049667362927040354, 0.5340924162460627, -1.2212488480383306, -0.14926557746531888]
[-1.1245068727713492, -0.22642584407075972, 0.2731124052177497, -1.3690548786062129, -0.04786103628581234, 0.5344759112068536, -1.2247607345151295, -0.15322217393302234]
[-1.131525778539587, -0.23305752295113727, 0.27364660309767275, -1.369893811281641, -0.04610497221262014, 0.5348542307409812, -1.2282726209919284, -0.1571787704007258]
[-1.13861073003998, -0.23953397059783518, 0.27417568479523824, -1.370510999889922, -0.04440763932280231, 0.535227364902205, -1.2317845074687273, -0.16113536686842928]
[-1.1457551591110187, -0.24585380344778546, 0.27469964041856954, -1.3709072868748091, -0.04277753163999487, 0.5355953038399575, -1.2352963939455261, -0.16509196333613274]
[-1.1529524809638416, -0.25201590808074764, 0.27521846017162865, -1.3710838371833391, -0.04122315656336778, 0.535958037799527, -1.238808280422325, -0.1690485598038362]
[-1.1601961050842449, -0.25801944069123783, 0.27573213435439947, -1.3710421402676456, -0.039753022692417844, 0.5363155571222429, -1.242320166899124, -0.17300515627153967]
[-1.1674794460767337, -0.2638638261262678, 0.27624065336306897, -1.3707840116286822, -0.038375627526200634, 0.5366678522456552, -1.2458320533759228, -0.17696175273924314]
[-1.1747959344334902, -0.26954875649235205, 0.27674400769020696, -1.37031159389544, -0.03709944505421031, 0.5370149137037157, -1.2493439398527217, -0.1809183492069466]
[-1.1821390272113002, -0.2750741893359101, 0.2772421879249438, -1.3696273574338749, -0.03593291325641171, 0.5373567321269547, -1.2528558263295206, -0.18487494567465007]
[-1.1895022185996849, -0.2804403454018562, 0.2777351847531462, -1.368734100480439, -0.03488442153020921, 0.537693298242657, -1.2563677128063195, -0.18883154214235354]
[-1.1968790503637061, -0.28564770597582007, 0.2782229889575914, -1.36763494879576, -0.033962298062383545, 0.5380246028750364, -1.2598795992831184, -0.192788138610057]
[-1.204263122145164, -0.2906970098160895, 0.2787055914181398, -1.366333354834715, -0.033174797164253145, 0.5383506369454081, -1.2633914857599173, -0.19674473507776047]
[-1.2116481016061886, -0.29558924968199474, 0.27918298311190487, -1.364833096429826, -0.03253008658851747, 0.5386713914723584, -1.2669033722367162, -0.20070133154546393]
[-1.2190277343995162, -0.30032566846607944, 0.27965515511342254, -1.363138274985615, -0.032036234846410716, 0.5389868575719146, -1.2704152587135151, -0.20465792801316743]
[-1.226395853950077, -0.3049077549380066, 0.2801220985948176, -1.361253313182262, -0.03170119854394088, 0.5392970264577106, -1.273927145190314, -0.2086145244808709]
[-1.2337463910328585, -0.3093372391087472, 0.28058380482596884, -1.359182952187636, -0.031532809756108615, 0.5396018894411527, -1.277439031667113, -0.2125711209485744]
[-1.241073383132388, -0.31361608722417256, 0.2810402651746724, -1.3569322483774835, -0.0315387634580897, 0.5399014379315834, -1.2809509181439116, -0.21652771741627785]
[-1.248370983569564, -0.31774649639774116, 0.28149147110680295, -1.3545065695643024, -0.031726605032431854, 0.5401956634364407, -1.2844628046207105, -0.22048431388398135]
[-1.2556334703819858, -0.3217308888925121, 0.28193741418647356, -1.3519115907361534, -0.03210371787134686, 0.54048455756142, -1.2879746910975092, -0.2244409103516848]
[-1.262855254944362, -0.32557190606325287, 0.28237808607619314, -1.349153289307406, -0.03267731109319261, 0.5407681120106305, -1.291486577574308, -0.22839750681938828]
[-1.2700308903160362, -0.3292724019699155, 0.2828134785370223, -1.3462379398841529, -0.03345440739221267, 0.5410463185867511, -1.2949984640511067, -0.23235410328709177]
[-1.2771550793031472, -0.3328354366742521, 0.28324358342872774, -1.3431721085477695, -0.03444183104055348, 0.541319169191185, -1.2985103505279056, -0.23631069975479524]
[-1.2842226822234213, -0.3362642692318118, 0.283668392709934, -1.339962646660837, -0.035646196061501656, 0.5415866558242115, -1.3020222370047043, -0.24026729622249873]
[-1.2877521591383565, -0.33793811814022745, 0.2838799141059651, -1.338297456074364, -0.03633549923712065, 0.5417190756552499, -1.303787431679666, -0.24225601740181446]
[-1.2877521591383565, -0.33793811814022745, 0.2838799141059651, -1.338297456074364, -0.03633549923712065, 0.5417190756552499, -1.303787431679666, -0.24225601740181446]
[-1.2967430928470705, -0.33493782437038316, 0.2835850180885007, -1.337653089181799, -0.031473476269311684, 0.5409481110748187, -1.3098193392830975, -0.2379401476204269]
[-1.3058020698495807, -0.33184439927338044, 0.2832875249394215, -1.337009237481204, -0.026827204021467155, 0.540173926465598, -1.3158512468865289, -0.23362427783903933]
[-1.3149261044748195, -0.32865482086837083, 0.2829874373832326, -1.3363728514561921, -0.02239607981843672, 0.5393965257058317, -1.3218831544899603, -0.22930840805765176]
[-1.3241120866730596, -0.32536616467951274, 0.2826847581681995, -1.335750843010168, -0.018179277766281476, 0.5386159126990286, -1.3279150620933917, -0.2249925382762642]
[-1.3333567852574633, -0.3219756086285782, 0.2823794900663224, -1.3351500783204446, -0.014175750628019068, 0.5378320913739347, -1.3339469696968231, -0.22067666849487663]
[-1.3426568513324537, -0.318480437818007, 0.2820716358733112, -1.3345773707738724, -0.010384231927346943, 0.5370450656845045, -1.3399788773002546, -0.21636079871348907]
[-1.3520088219051554, -0.31487804919741874, 0.2817611984085598, -1.3340394739912367, -0.006803238277009738, 0.5362548396098732, -1.346010784903686, -0.2120449289321015]
[-1.3614091236758847, -0.31116595610672804, 0.28144818051512016, -1.3335430749475279, -0.003431071928247209, 0.5354614171543273, -1.3520426925071174, -0.20772905915071394]
[-1.3708540770034274, -0.30734179268914485, 0.2811325850596764, -1.3330947871950654, -0.0002658235375337381, 0.5346648023472766, -1.3580746001105488, -0.20341318936932637]
[-1.3803399000405863, -0.3034033181674922, 0.2808144149325185, -1.3327011441963061, 0.0026946248533965544, 0.5338649992432247, -1.3641065077139802, -0.1990973195879388]
[-1.3898627130352388, -0.2993484209774318, 0.2804936730475159, -1.3323685927730122, 0.005452596628461259, 0.5330620119217395, -1.3701384153174114, -0.19478144980655124]
[-1.3994185427919164, -0.29517512275135416, 0.2801703623420905, -1.3321034866782988, 0.008010617203504433, 0.5322558444874241, -1.3761703229208426, -0.19046558002516367]
[-1.4090033272886706, -0.29088158214686666, 0.27984448577719034, -1.3319120802979143, 0.010371410432566064, 0.5314465010698872, -1.382202230524274, -0.1861497102437761]
[-1.4186129204437816, -0.28646609851399574, 0.27951604633726185, -1.3318005224869334, 0.012537894818971773, 0.5306339858237122, -1.3882341381277052, -0.18183384046238854]
[-1.4282430970266389, -0.2819271153954127, 0.279185047030223, -1.3317748505478704, 0.014513179536258691, 0.5298183029284284, -1.3942660457311364, -0.177517970681001]
[-1.4378895577069095, -0.27726322385419155, 0.27885149088743544, -1.3318409843560277, 0.016300560264136177, 0.5289994565884791, -1.4002979533345679, -0.17320210089961346]
[-1.447547934235911, -0.2724731656238179, 0.278515380963677, -1.3320047206377135, 0.017903514844854473, 0.5281774510331929, -1.406329860937999, -0.16888623111822593]
[-1.4572137947539068, -0.2675558360753795, 0.27817672033711344, -1.332271727406768, 0.019325698765529142, 0.527352290516751, -1.4123617685414305, -0.1645703613368384]
[-1.466882649216848, -0.26251028699709605, 0.2778355121092705, -1.3326475385646293, 0.020570940472125265, 0.5265239793181573, -1.4183936761448617, -0.16025449155545085]
[-1.4765499549359131, -0.25733572918157194, 0.2774917594050053, -1.333137548668981, 0.021643236520964504, 0.5256925217412065, -1.4244255837482929, -0.1559386217740633]
[-1.486211122223013, -0.2520315348163947, 0.2771454653724778, -1.3337470078758, 0.022546746573767207, 0.5248579221144531, -1.4304574913517243, -0.15162275199267577]
[-1.4958615201352714, -0.2465972396739427, 0.2767966331831222, -1.334481017059418, 0.02328578824237959, 0.5240201847911801, -1.4364893989551555, -0.14730688221128824]
[-1.5054964823113326, -0.24103254509651634, 0.2764452660316174, -1.3353445231149954, 0.02386483178947091, 0.5231793141493655, -1.442521306558587, -0.14299101242990067]
[-1.515111312892197, -0.23533731977315955, 0.2760913671358582, -1.3363423144475783, 0.02428849469161229, 0.5223353145916522, -1.448553214162018, -0.13867514264851313]
[-1.5247012925191552, -0.22951160130480086, 0.27573493973692553, -1.337479016651692, 0.02456153607126449, 0.5214881905453138, -1.4545851217654495, -0.13435927286712557]
[-1.5342616844012489, -0.22355559755460663, 0.275375987099057, -1.338759088385192, 0.024688851004314394, 0.5206379464622237, -1.460617029368881, -0.130043403085738]
[-1.543787740444583, -0.21746968778070985, 0.2750145125096167, -1.3401868174408667, 0.024675464709901118, 0.5197845868188212, -1.4666489369723121, -0.12572753330435044]
[-1.5532747074356894, -0.21125442354875346, 0.27465051927906575, -1.3417663170190526, 0.024526526629366663, 0.5189281161160791, -1.4726808445757436, -0.12141166352296288]
[-1.5627178332710496, -0.20491052942196353, 0.27428401074093084, -1.3435015222042843, 0.024247304401253417, 0.5180685388794698, -1.4787127521791747, -0.11709579374157533]
[-1.5721123732247966, -0.19843890342675266, 0.27391499025177485, -1.3453961866487705, 0.023843177739349686, 0.5172058596589328, -1.4847446597826062, -0.11277992396018778]
[-1.5814535962465202, -0.1918406172921382, 0.27354346119116557, -1.3474538794652358, 0.02331963222085076, 0.5163400830288406, -1.4907765673860374, -0.10846405417880023]
[-1.5907367912810568, -0.18511691646154954, 0.27316942696164476, -1.3496779823314489, 0.022682252991770624, 0.5154712135879649, -1.4968084749894688, -0.10414818439741268]
[-1.5999572736020533, -0.17826921987589012, 0.2727928909886971, -1.352071686808486, 0.02193671839678879, 0.5145992559594422, -1.5028403825929, -0.09983231461602513]
[-1.6091103911510742, -0.1712991195270143, 0.2724138567207186, -1.3546379918745657, 0.021088793540764095, 0.5137242147907404, -1.5088722901963314, -0.09551644483463757]
[-1.6181915308739603, -0.16420837978107475, 0.2720323276289853, -1.3573797016760178, 0.020144323789184626, 0.5128460947536233, -1.5149041977997628, -0.09120057505325002]
[-1.6271961250461355, -0.15699893647149385, 0.2716483072076215, -1.3602994234967376, 0.01910922821485217, 0.5119649005441167, -1.520936105403194, -0.08688470527186247]
[-1.6361196575785306, -0.14967289576161114, 0.2712617989735674, -1.3633995659471974, 0.017989492998119777, 0.5110806368824732, -1.5269680130066252, -0.08256883549047492]
[-1.644957670295788, -0.14223253277735926, 0.2708728064665473, -1.366682337373869, 0.01679116478801479, 0.5101933085131367, -1.5329999206100566, -0.07825296570908737]
[-1.653705769178418, -0.13468029001061937, 0.27048133324903684, -1.3701497444896542, 0.015520344031584365, 0.5093029202047079, -1.539031828213488, -0.07393709592769981]
[-1.6623596305605925, -0.1270187754942095, 0.2700873829062306, -1.37380359122568, 0.014183178278795505, 0.508409476749908, -1.5450637358169192, -0.06962122614631226]
[-1.6709150072752834, -0.1192507607497559, 0.26969095904600915, -1.3776454778045746, 0.012785855470312676, 0.5075129829655431, -1.5510956434203504, -0.06530535636492471]
[-1.6793677347384905, -0.11137917851000062, 0.26929206529890615, -1.3816768000350934, 0.01133459721545406, 0.5066134436924687, -1.5571275510237819, -0.06098948658353716]
[-1.6877137369643525, -0.10340712021739243, 0.268890705318075, -1.3858987488277272, 0.009835652067601591, 0.5057108637955531, -1.563159458627213, -0.05667361680214961]
[-1.6959490325029942, -0.0953378333011078, 0.26848688277925536, -1.3903123099306947, 0.00829528880430451, 0.5048052481636409, -1.5691913662306445, -0.052357747020762055]
[-1.7040697402930232, -0.08717471823494222, 0.26808060138073947, -1.3949182638854631, 0.006719789719272104, 0.5038966017095167, -1.5752232738340757, -0.0480418772393745]
[-1.7120720854206781, -0.07892132537880414, 0.2676718648433383, -1.3997171862007356, 0.005115443933401312, 0.5029849293698683, -1.5812551814375069, -0.04372600745798695]
[-1.7199524047777133, -0.07058135160683471, 0.26726067691034766, -1.4047094477435864, 0.003488540731926823, 0.5020702361052491, -1.587287089040938, -0.039410137676599406]
[-1.727707152610208, -0.06215863672546261, 0.26684704134751364, -1.409895215346212, 0.0018453629347141148, 0.5011525269000421, -1.5933189966443695, -0.03509426789521186]
[-1.7353329059505942, -0.053657159684986994, 0.2664309619429982, -1.4152744526265335, 0.00019218030664414076, 0.5002318067624208, -1.5993509042478007, -0.030778398113824317]
[-1.7428263699253275, -0.045081034588561414, 0.26601244250734474, -1.4208469210206651, -0.0014647569850432599, 0.4993080807243136, -1.6053828118512319, -0.026462528332436775]
[-1.7501843829307404, -0.03643450650272701, 0.26559148687344264, -1.4266121810250432, -0.0031192248596668554, 0.49838135384136345, -1.6114147194546633, -0.022146658551049234]
[-1.7574039216697723, -0.027721947073914878, 0.26516809889649284, -1.432569593645791, -0.004765031751597558, 0.49745163119289226, -1.6174466270580945, -0.017830788769661696]
[-1.764482106042415, -0.018947849955603325, 0.2647422824539719, -1.4387183220526931, -0.0063960249717436475, 0.49651891788186064, -1.6234785346615257, -0.01351491898827416]
[-1.771416203882868, -0.010116826051077447, 0.26431404144559717, -1.4450573334349308, -0.008006096995552027, 0.4955832190348312, -1.629510442264957, -0.009199049206886627]
[-1.7782036355365765, -0.0012335985769939125, 0.2638833797932902, -1.4515854010555351, -0.009589191671164312, 0.49464453980192813, -1.6355423498683883, -0.004883179425499096]
[-1.7848419782704947, 0.00769700204679631, 0.26345030144114157, -1.458301106501318, -0.011139310341487393, 0.4937028853567995, -1.6415742574718195, -0.0005673096441115655]
[-1.7913289705101123, 0.016670043475470818, 0.26301481035537455, -1.465202842124836, -0.01265051787406559, 0.4927582608965778, -1.6476061650752507, 0.0037485601372759603]
[-1.7976625158969706, 0.02568049687957063, 0.2625769105243087, -1.4722888136747627, -0.014116948592774313, 0.4918106716418407, -1.6536380726786821, 0.008064429918663485]
[-1.8038406871606056, 0.03472324254128328, 0.2621366059583233, -1.4795570431108542, -0.015532812105494592, 0.49086012283657127, -1.6596699802821133, 0.012380299700051008]
[-1.8098617297990698, 0.04379307560028675, 0.2616939006898208, -1.4870053715995177, -0.016892399022072145, 0.48990661974811867, -1.6657018878855447, 0.016696169481438528]
[-1.815724065562396, 0.052884711942551905, 0.2612487987731897, -1.494631462685813, -0.018190086557014797, 0.4889501676671578, -1.671733795488976, 0.02101203926282605]
[-1.8214262957336127, 0.06199279422529204, 0.2608013042847675, -1.5024328056375573, -0.01942034401153779, 0.4879907719076496, -1.6777657030924071, 0.02532790904421356]
[-1.826967204202137, 0.0711118980310492, 0.2603514213228036, -1.510406718957029, -0.02057773812972638, 0.48702843780680066, -1.6837976106958386, 0.02964377882560107]
[-1.8323457603246347, 0.0802365381437141, 0.25989915400742125, -1.5185503540556218, -0.021656938323750485, 0.48606317072502236, -1.6898295182992698, 0.03395964860698858]
[-1.8375611215686767, 0.08936117493909501, 0.25944450648058026, -1.5268606990866427, -0.02265272176323692, 0.48509497604589014, -1.6958614259027012, 0.03827551838837609]
[-1.8426126359347788, 0.09848022088247393, 0.25898748290603896, -1.5353345829312988, -0.023559978324076566, 0.48412385917610334, -1.7018933335061324, 0.04259138816976361]
[-1.847499844152685, 0.10758804712542623, 0.25852808746931594, -1.5439686793327925, -0.024373715392126447, 0.48314982554544283, -1.7079252411095638, 0.04690725795115112]
[-1.850853300523601, 0.11401257914585433, 0.2582021125808441, -1.5501630668142612, -0.024889568019759528, 0.48245994826246463, -1.712186581455171, 0.04995627515017986]
[-1.850853300523601, 0.11401257914585433, 0.2582021125808441, -1.5501630668142612, -0.024889568019759528, 0.48245994826246463, -1.712186581455171, 0.04995627515017986]
[-1.846335033950297, 0.12311291367861783, 0.26017682543990556, -1.547621813015562, -0.022977934649314344, 0.4825006335973344, -1.7121629621880778, 0.057493749838724004]
[-1.841794294474481, 0.13203476680544662, 0.26210707518080634, -1.5452395737047047, -0.021219825732753134, 0.482489305533234, -1.7121393429209846, 0.06503122452726814]
[-1.8372375501145228, 0.14077772814357487, 0.26399253193203637, -1.543022590325845, -0.019610888861793768, 0.48242570013607045, -1.7121157236538913, 0.07256869921581229]
[-1.8326712768748858, 0.14934161671394489, 0.26583287347701784, -1.5409769841034535, -0.01814654155032755, 0.4823095613808567, -1.712092104386798, 0.08010617390435643]
[-1.8281019506552398, 0.15772648105793585, 0.26762778530917075, -1.53910874783758, -0.016821974623597025, 0.48214064120452943, -1.7120684851197048, 0.08764364859290057]
[-1.8235360391606814, 0.16593259906920474, 0.2693769606856605, -1.5374237377969993, -0.015632155896448313, 0.48191869955744027, -1.7120448658526115, 0.09518112328144471]
[-1.8189799938230808, 0.17396047754085636, 0.27108010067981975, -1.5359276657203855, -0.014571834137754563, 0.4816435044535125, -1.7120212465855182, 0.10271859796998885]
[-1.814440241743571, 0.1818108514285128, 0.27273691423223245, -1.5346260909355698, -0.013635543317750104, 0.4813148320190519, -1.711997627318425, 0.11025607265853299]
[-1.8099231776661593, 0.1894846828302031, 0.2743471182004757, -1.5335244126068308, -0.012817607134666176, 0.4809324665402068, -1.7119740080513317, 0.11779354734707714]
[-1.805435155992411, 0.1969831596843461, 0.27591043740750726, -1.532627862120058, -0.012112143816704946, 0.48049620050906583, -1.7119503887842384, 0.1253310220356213]
[-1.8009824828470962, 0.20430769418744776, 0.2774266046886919, -1.531941495615506, -0.011513071195046187, 0.4800058346683861, -1.7119267695171452, 0.13286849672416545]
[-1.7965714082046351, 0.21145992093348187, 0.27889536093745926, -1.531470186677708, -0.01101411204323774, 0.4794611780549446, -1.711903150250052, 0.1404059714127096]
[-1.792208118086097, 0.21844169477726733, 0.28031645514958353, -1.5312186191919823, -0.010608799677982922, 0.4788620480415043, -1.7118795309829586, 0.14794344610125376]
[-1.7878987268364195, 0.2252550884244977, 0.2816896444660791, -1.5311912803767895, -0.010290483816008694, 0.478208270377387, -1.7118559117158654, 0.15548092078979792]
[-1.7836492694914217, 0.23190238975141628, 0.28301469421470443, -1.5313924540010342, -0.010052336681368734, 0.47749967922764763, -1.7118322924487723, 0.16301839547834207]
[-1.7794656942440645, 0.2383860988574666, 0.2842913779500664, -1.5318262137952157, -0.009887359357214132, 0.47673611721084064, -1.711808673181679, 0.17055587016688623]
[-1.7753538550193004, 0.24470892485457651, 0.2855194774923186, -1.532496417065141, -0.009788388375752854, 0.47591743543537324, -1.711785053914586, 0.17809334485543038]
[-1.7713195041667025, 0.2508737823970627, 0.2866987829644478, -1.5334066985166923, -0.009748102539807346, 0.475043493534438, -1.7117614346474928, 0.18563081954397453]
[-1.7673682852799408, 0.25688378795646194, 0.2878290928281406, -1.534560464299948, -0.009759029969079569, 0.47411415969951953, -1.7117378153803997, 0.1931682942325187]
[-1.7635057261519897, 0.2627422558459126, 0.28891021391822597, -1.5359608862806937, -0.009813555363937854, 0.47312931071246894, -1.7117141961133064, 0.20070576892106284]
[-1.7597372318748088, 0.26845269399901905, 0.2899419614756858, -1.5376108965471593, -0.009903927479256613, 0.47208883197613843, -1.7116905768462134, 0.208243243609607]
[-1.7560680780920344, 0.2740187995084365, 0.29092415917922987, -1.5395131821595276, -0.010022266800556234, 0.470992617543574, -1.7116669575791201, 0.21578071829815115]
[-1.7525034044130552, 0.27944445392971146, 0.29185663917542815, -1.5416701801495392, -0.010160573414426555, 0.4698405701457576, -1.711643338312027, 0.2233181929866953]
[-1.7490482079966225, 0.28473371835620254, 0.29273924210739644, -1.5440840727772203, -0.01031073506495156, 0.46863260121789563, -1.7116197190449338, 0.23085566767523946]
[-1.7457073373119523, 0.28989082827119217, 0.2935718171420297, -1.5467567830514999, -0.010464535387603946, 0.46736863092424824, -1.7115960997778408, 0.2383931423637836]
[-1.7424854860850445, 0.2949201881835733, 0.2943542219957786, -1.5496899705211833, -0.01061366231183447, 0.46604858818149475, -1.7115724805107475, 0.24593061705232772]
[-1.7393871874377282, 0.29982636605376445, 0.2950863229589656, -1.552885027342468, -0.01074971662334917, 0.4646724106806316, -1.7115488612436545, 0.25346809174087187]
[-1.7364168082266862, 0.304614087516767, 0.295767994918635, -1.556343074628865, -0.010864220676843117, 0.46324004490739734, -1.7115252419765612, 0.26100556642941597]
[-1.7335785435894826, 0.3092882299095284, 0.2963991213799343, -1.5600649590890987, -0.010948627249748655, 0.46175144616122343, -1.7115016227094682, 0.2685430411179601]
[-1.7308764117043434, 0.3138538161100179, 0.29697959448602285, -1.5640512499582144, -0.010994328527356434, 0.4602065785727034, -1.7114780034423749, 0.2760805158065042]
[-1.728314248770191, 0.3183160081956553, 0.29750931503650385, -1.5683022362268215, -0.010992665209470565, 0.4586054151195808, -1.7114543841752818, 0.2836179904950483]
[-1.7258957042131482, 0.32268010092895655, 0.2979881925043775, -1.5728179241730453, -0.010934935728586781, 0.4569479376412516, -1.7114307649081886, 0.2911554651835924]
[-1.7250805500678144, 0.3241914076217806, 0.29814438762203227, -1.5744676024216948, -0.010899711078201813, 0.4563521060486045, -1.7114224648103118, 0.2938042255118489]
[-1.7250805500678144, 0.3241914076217806, 0.29814438762203227, -1.5744676024216948, -0.010899711078201813, 0.4563521060486045, -1.7114224648103118, 0.2938042255118489]
[-1.6983010274720112, 0.32390561456228334, 0.2983907702349651, -1.5492389059933083, -0.01132231725271754, 0.45777307060519307, -1.6856928990453184, 0.29555101465044736]
[-1.6715373015491855, 0.3236102601313784, 0.2986196542422221, -1.5240261917523976, -0.011744006130071982, 0.45917490512728126, -1.659963333280325, 0.2972978037890458]
[-1.6447894921247062, 0.3233055583968008, 0.2988310262213002, -1.4988295045606415, -0.01216456319252096, 0.46055758418610626, -1.6342337675153316, 0.29904459292764424]
[-1.618057716624702, 0.32299172477527394, 0.29902487377665904, -1.473648886879679, -0.012583773113203911, 0.46192108339669025, -1.6085042017503381, 0.3007913820662427]
[-1.5913420900603616, 0.32266897600404026, 0.299201185540447, -1.4484843787593014, -0.013001419784604784, 0.46326537941868895, -1.5827746359853447, 0.3025381712048411]
[-1.564642725012565, 0.32233753011221156, 0.2993599511731687, -1.423336017825974, -0.013417286347164548, 0.4645904499571816, -1.5570450702203513, 0.30428496034343955]
[-1.5379597316168483, 0.3219976063919421, 0.29950116136429084, -1.3982038392716913, -0.013831155218044122, 0.46589627376339937, -1.531315504455358, 0.306031749482038]
[-1.5112932175487064, 0.32164942536942887, 0.2996248078327883, -1.3730878758431697, -0.014242808120030426, 0.46718283063539356, -1.5055859386903645, 0.3077785386206364]
[-1.4846432880092317, 0.3212932087757431, 0.29973088332762976, -1.3479881578313753, -0.014652026110584804, 0.4684501014186434, -1.479856372925371, 0.30952532775923486]
[-1.4580100457110925, 0.3209291795174962, 0.29981938162820315, -1.3229047130613893, -0.015058589611027795, 0.46969806800660296, -1.4541268071603777, 0.3112721168978333]
[-1.431393590864855, 0.320557561647345, 0.2998902975446802, -1.2978375668826192, -0.015462278435857069, 0.47092671334118774, -1.4283972413953843, 0.31301890603643173]
[-1.404794021165647, 0.3201785803343397, 0.2999436269183208, -1.2727867421593457, -0.01586287182219459, 0.4721360214132002, -1.4026676756303909, 0.31476569517503017]
[-1.3782114317801684, 0.319792461834119, 0.2999793666217169, -1.2477522592616177, -0.016260148459358803, 0.47332597726269543, -1.3769381098653974, 0.3165124843136286]
[-1.3516459153340474, 0.31939943345895594, 0.29999751455897605, -1.2227341360564927, -0.016653886518557703, 0.47449656697928533, -1.351208544100404, 0.31825927345222704]
[-1.3250975618995482, 0.318999723547659, 0.2999980696658441, -1.197732387899621, -0.017043863682698945, 0.4756477777023823, -1.3254789783354106, 0.3200060625908255]
[-1.2985664589836257, 0.318593561435332, 0.2999810319097678, -1.172747027627182, -0.01742985717631307, 0.47677959762138317, -1.2997494125704172, 0.3217528517294239]
[-1.2720526915163357, 0.31818117742299806, 0.2999464022898967, -1.1477780655481682, -0.017811643795584975, 0.47789201597579056, -1.2740198468054238, 0.32349964086802235]
[-1.2455563418395967, 0.3177628027470898, 0.2998941828370243, -1.1228255094370194, -0.018188999938490935, 0.47898502305527557, -1.2482902810404304, 0.3252464300066208]
[-1.2190774896963081, 0.3173386695488119, 0.29982437661346917, -1.0978893645266132, -0.018561701635035177, 0.48005861019967827, -1.222560715275437, 0.3269932191452192]
[-1.1926162122198252, 0.316909010843379, 0.29973698771289553, -1.0729696335016055, -0.018929524577584067, 0.4811127697989487, -1.1968311495104436, 0.32874000828381766]
[-1.166172583923791, 0.3164740604891336, 0.29963202126007277, -1.0480663164921273, -0.01929224415129155, 0.4821474952930259, -1.1711015837454501, 0.3304867974224161]
[-1.1397466766923299, 0.3160340531565476, 0.2995094834105752, -1.0231794110678385, -0.019649635464613346, 0.4831627811716576, -1.1453720179804567, 0.33223358656101454]
[-1.1133385597706005, 0.3155892242971126, 0.2993693813504212, -0.9983089122323385, -0.02000147337990482, 0.4841586229741584, -1.1196424522154633, 0.333980375699613]
[-1.0869482997557105, 0.31513981011212244, 0.2992117232956512, -0.9734548124179336, -0.020347532544098768, 0.48513501728910724, -1.09391288645047, 0.3357271648382114]
[-1.0605759605879972, 0.3146860475213523, 0.2990365184918467, -0.9486171014807673, -0.020687587419458475, 0.48609196175398545, -1.0681833206854765, 0.33747395397680985]
[-1.0342216035426697, 0.31422817413163895, 0.29884377721358746, -0.9237957666963076, -0.021021412314402688, 0.48702945505475237, -1.042453754920483, 0.3392207431154083]
[-1.0078852872218187, 0.31376642820536627, 0.2986335107638491, -0.8989907927551973, -0.021348781414396334, 0.4879474969253622, -1.0167241891554897, 0.3409675322540067]
[-0.9815670675467929, 0.3133010486288599, 0.2984057314733405, -0.874202161759467, -0.021669468812906212, 0.48884608814721925, -0.9909946233904962, 0.34271432139260516]
[-0.9552669977509428, 0.3128322748806963, 0.29816045269978025, -0.8494298532191096, -0.021983248542412792, 0.489725230548573, -0.9652650576255026, 0.3444611105312036]
[-0.9289851283727335, 0.3123603469999292, 0.2978976888271139, -0.8246738440490197, -0.02228989460547881, 0.4905849270038531, -0.9395354918605091, 0.34620789966980203]
[-0.9027215072492275, 0.31188550555423905, 0.2976174552646699, -0.7999341085662982, -0.022589181005865433, 0.4914251814329431, -0.9138059260955156, 0.34795468880840047]
[-0.8764761795099377, 0.3114079916080088, 0.29731976844625607, -0.7752106184879201, -0.022880881779696383, 0.4922459988003951, -0.8880763603305221, 0.3497014779469989]
[-0.8502491875710526, 0.310928046690331, 0.2970046458291961, -0.7505033429287704, -0.023164771026661646, 0.4930473851145827, -0.8623467945655285, 0.35144826708559734]
[-0.8240405711300327, 0.3104459127629499, 0.2966721058933057, -0.7258122484000451, -0.023440622941260203, 0.4938293474267951, -0.836617228800535, 0.3531950562241958]
[-0.7978503671605812, 0.30996183218814427, 0.29632216813980866, -0.70113729880802, -0.0237082118440734, 0.49459189383026986, -0.8108876630355415, 0.3549418453627942]
[-0.7716786099079875, 0.30947604769655285, 0.29595485309019354, -0.6764784554531864, -0.023967312213069414, 0.4953350334591663, -0.785158097270548, 0.35668863450139265]
[-0.7455253308848447, 0.30898880235494974, 0.29557018228500986, -0.651835677029755, -0.024217698714929348, 0.4960587764874784, -0.7594285315055544, 0.3584354236399911]
[-0.7193905588671435, 0.30850033953397166, 0.2951681782826055, -0.6272089196255286, -0.024459146236395335, 0.4967631341278884, -0.7336989657405609, 0.36018221277858953]
[-0.6932743198907396, 0.3080109028758032, 0.2947488646578031, -0.6025981367221424, -0.024691429915632057, 0.49744811863055965, -0.7079693999755674, 0.36192900191718796]
[-0.6671766372481983, 0.30752073626182297, 0.29431226600051796, -0.5780032791956737, -0.024914325173602037, 0.4981137432818701, -0.6822398342105739, 0.3636757910557864]
[-0.641097531486015, 0.30703008378021607, 0.293858407914316, -0.5534242953176216, -0.025127607745445812, 0.49876002240308565, -0.6565102684455804, 0.36542258019438484]
[-0.6150370204022124, 0.3065391896935575, 0.29338731701491216, -0.5288611307562547, -0.025331053711865004, 0.49938697134897503, -0.6307807026805868, 0.3671693693329833]
[-0.5889951190443148, 0.3060482984063696, 0.2928990209286096, -0.5043137285783288, -0.025524439530503873, 0.49999460650636324, -0.6050511369155933, 0.3689161584715817]
[-0.5629718397076992, 0.305557654432659, 0.2923935482906797, -0.4797820292511745, -0.025707542067324896, 0.5005829452926276, -0.5793215711505998, 0.37066294761018015]
[-0.5369671919343245, 0.30506750236343755, 0.29187092874368264, -0.4552659706451537, -0.02588013862797295, 0.5011520061541318, -0.5535920053856063, 0.3724097367487786]
[-0.5109811825118385, 0.3045780868342306, 0.2913311929357291, -0.43076548803648596, -0.026042006989126176, 0.5017018085646037, -0.5278624396206127, 0.374156525887377]
[-0.48501381547306177, 0.30408965249257847, 0.2907743725186832, -0.40628051411044475, -0.02619292542982543, 0.5022323730234513, -0.5021328738556192, 0.37590331502597546]
[-0.4590650920958499, 0.30360244396553454, 0.2902005001463059, -0.38181097896492194, -0.026332672762781728, 0.5027437210540218, -0.47640330809062564, 0.3776501041645739]
[-0.43313501090333417, 0.30311670582716405, 0.2896096094723404, -0.3573568101143626, -0.026461028365655836, 0.503235875201799, -0.45067374232563207, 0.37939689330317233]
[-0.407223567664539, 0.3026326825660495, 0.28900173514853844, -0.3329179324940677, -0.02657777221230423, 0.5037088590325455, -0.4249441765606385, 0.38114368244177077]
[-0.38133075539537786, 0.3021506185528059, 0.28837691282262834, -0.3084942684648672, -0.026682684903989895, 0.5041626971303821, -0.3992146107956449, 0.3828904715803692]
[-0.35545656436002626, 0.3016707580076097, 0.2877351791362243, -0.2840857378181578, -0.026775547700551183, 0.504597415095812, -0.37348504503065133, 0.38463726071896764]
[-0.3296009820726728, 0.30119334496774797, 0.28707657172267786, -0.259692257781314, -0.026856142551525908, 0.5050130395436843, -0.34775547926565775, 0.38638404985756614]
[-0.3037639932996465, 0.3007186232551903, 0.28640112920487065, -0.2353137430234606, -0.02692425212722499, 0.5054095981011, -0.3220259135006642, 0.3881308389961646]
[-0.27794558006192194, 0.30024683644418765, 0.2857088911929497, -0.21095010566161815, -0.0269796598497537, 0.5057871194052593, -0.2962963477356706, 0.389877628134763]
[-0.2521457216379998, 0.2997782278289052, 0.28499989828200445, -0.18660125526720905, -0.027022149923972116, 0.5061456331012522, -0.270566781970677, 0.3916244172733615]
[-0.22636439456716517, 0.29931304039108947, 0.2842741920496862, -0.16226709887293572, -0.027051507368395844, 0.5064851698397882, -0.24483721620568347, 0.39337120641195994]
[-0.20060157265311912, 0.2988515167677787, 0.28353181505376956, -0.1379475409800172, -0.02706751804602686, 0.5068057612748712, -0.2191076504406899, 0.39511799555055843]
[-0.17485722696798814, 0.29839389921905635, 0.28277281082965733, -0.11364248356579738, -0.027069968695115743, 0.5071074400614153, -0.19337808467569634, 0.39686478468915687]
[-0.14913132585670574, 0.29794042959585576, 0.2819972238878267, -0.08935182609171, -0.02705864695984672, 0.507390239852802, -0.16764851891070276, 0.39861157382775536]
[-0.1234238349417702, 0.2974913493078184, 0.28120509971121965, -0.06507546551161375, -0.02703334142094249, 0.5076541952983826, -0.14191895314570918, 0.4003583629663538]
[-0.09773471712837367, 0.29704689929121053, 0.2803964847525754, -0.04081329628048259, -0.026993841626186788, 0.5078993420409214, -0.1161893873807156, 0.4021051521049523]
[-0.07206393260990579, 0.2966073199769024, 0.279571426431706, -0.016565210363463964, -0.026939938120857043, 0.5081257167139804, -0.09045982161572204, 0.4038519412435507]
[-0.046411438873827454, 0.29617285125841497, 0.2787299731327162, 0.007668902754708912, -0.026871422478064177, 0.5083333569392524, -0.06473025585072847, 0.4055987303821492]
[-0.020777190707917458, 0.29574373246003816, 0.2778721742011652, 0.031889156059939056, -0.026788087328996624, 0.5085223013238303, -0.03900069008573492, 0.40734551952074766]
[0.004838859793112549, 0.2953202023050243, 0.27699807994117365, 0.056095664998636, -0.026689726393062108, 0.5086925894574251, -0.013271124320741349, 0.40909230865934615]
[0.030436763220631765, 0.29490249888386216, 0.276107741612473, 0.08028854746722203, -0.026576134507925064, 0.5088442619095255, 0.012458441444252212, 0.4108390977979446]
[0.05601657284473757, 0.2944908596226355, 0.27520121142739973, 0.10446792380128904, -0.026447107659432756, 0.5089773602265004, 0.03818800720924578, 0.4125858869365431]
[0.08157834460653356, 0.29408552125146986, 0.2742785425478338, 0.128633916764394, -0.02630244301142931, 0.5090919269286472, 0.06391757297423935, 0.41433267607514157]
[0.10712213711004315, 0.2936867197730727, 0.27333978908208034, 0.15278665153650708, -0.026141938935451192, 0.5091880055071825, 0.08964713873923291, 0.41607946521374]
[0.1326480116137562, 0.2932946904313708, 0.27238500608169725, 0.17692625570210108, -0.025965395040299655, 0.5092656404211776, 0.11537670450422648, 0.41782625435233844]
[0.15815603202181322, 0.2929096676802491, 0.27141424953826626, 0.20105285923789595, -0.025772612201487466, 0.5093248770944392, 0.14110627026922004, 0.41957304349093694]
[0.18364626487482524, 0.29253188515239514, 0.2704275763801098, 0.2251665945002478, -0.025563392590555678, 0.5093657619123333, 0.1668358360342136, 0.4213198326295354]
[0.20911877934033357, 0.2921615756282541, 0.26942504446895216, 0.24926759621219535, -0.025337539704253842, 0.509388342218555, 0.19256540179920714, 0.42306662176813387]
[0.2345736472029078, 0.2917989710050971, 0.268406712596527, 0.2733560014501539, -0.025094858393584274, 0.5093926663118432, 0.2182949675642007, 0.4248134109067323]
[0.2600109428538864, 0.29144430226620904, 0.2673726404811284, 0.2974319496302698, -0.02483515489270055, 0.5093787834426395, 0.24402453332919424, 0.4265602000453308]
[0.28543074328075807, 0.291097799450198, 0.26632288876411014, 0.3214955824944257, -0.02455823684766084, 0.5093467438096945, 0.2697540990941878, 0.42830698918392923]
[0.3108331280561891, 0.290759691620432, 0.26525751900632855, 0.34554704409590953, -0.024263913345029697, 0.5092965985566169, 0.2954836648591813, 0.43005377832252767]
[0.33621817932669407, 0.2904302068346071, 0.2641765936845327, 0.3695864807847367, -0.023951994940324517, 0.5092283997683716, 0.32121323062417484, 0.43180056746112616]
[0.36158598180095514, 0.2901095721144489, 0.26308017618770063, 0.3936140411926408, -0.023622293686303475, 0.5091422004677211, 0.34694279638916836, 0.4335473565997246]
[0.3869366227377887, 0.28979801341555544, 0.26196833081332194, 0.41762987621772024, -0.02327462316108936, 0.5090380546116149, 0.3726723621541619, 0.43529414573832304]
[0.4122701919337637, 0.2894957555973817, 0.26084112276362703, 0.4416341390087567, -0.02290879849612748, 0.508916017087524, 0.3984019279191554, 0.4370409348769215]
[0.43758678171046983, 0.28920302239337176, 0.2596986181417637, 0.46562698494919397, -0.022524636403971898, 0.508776143709724, 0.42413149368414893, 0.43878772401551996]
[0.4628864869014418, 0.2889200363812432, 0.2585408839479206, 0.48960857164079175, -0.022121955205895882, 0.5086184912155227, 0.44986105944914245, 0.44053451315411846]
[0.4881694048387367, 0.28864701895342554, 0.2573679880753977, 0.5135790588869443, -0.02170057485932525, 0.5084431172614369, 0.475590625214136, 0.4422813022927169]
[0.5134356353391704, 0.28838419028765955, 0.25617999930662555, 0.5375386086756758, -0.021260316985086847, 0.508250080419315, 0.5013201909791295, 0.44402809143131533]
[0.5386852806902124, 0.28813176931775897, 0.2549769873091309, 0.5614873851623106, -0.020801004894471564, 0.5080394401724084, 0.527049756744123, 0.4457748805699138]
[0.5639184456355414, 0.2878899737045397, 0.25375902263145167, 0.5854255546518157, -0.020322463616106567, 0.5078112569113902, 0.5527793225091165, 0.44752166970851226]
[0.589135237360265, 0.2876590198069212, 0.25252617669899974, 0.6093532855808289, -0.019824519922633066, 0.5075655919303217, 0.5785088882741101, 0.44926845884711075]
[0.6143357654758028, 0.28743912265320226, 0.2512785218098719, 0.6332707484993617, -0.01930700235718441, 0.5073025074225676, 0.6042384540391036, 0.4510152479857092]
[0.639520142004439, 0.2872304959125159, 0.2500161311306105, 0.6571781160521913, -0.01876974125966563, 0.5070220664766596, 0.6299680198040971, 0.4527620371243076]
[0.6646884813635412, 0.2870333518664686, 0.24873907869191272, 0.6810755629599327, -0.018212568792822847, 0.5067243330721094, 0.6556975855690906, 0.4545088262629061]
[0.689840900349454, 0.2868479013809643, 0.2474474393842886, 0.7049632659998045, -0.017635318968106994, 0.5064093720751688, 0.6814271513340842, 0.45625561540150456]
[0.714977518121063, 0.28667435387822127, 0.24614128895367018, 0.7288414039860794, -0.01703782767132178, 0.5060772492345426, 0.7071567170990777, 0.45800240454010305]
[0.7400984561830377, 0.2865129173089817, 0.24482070399696845, 0.7527101577502333, -0.01641993268805636, 0.505728031177046, 0.7328862828640712, 0.4597491936787015]
[0.765203838368749, 0.28636379812492163, 0.24348576195758243, 0.7765697101207828, -0.015781473728895545, 0.5053617854032184, 0.7586158486290646, 0.4614959828173]
[0.7902937908228711, 0.2862272012512601, 0.24213654112085672, 0.8004202459028283, -0.015122292454409048, 0.5049785802828799, 0.7843454143940581, 0.4632427719558984]
[0.8153684419836627, 0.28610333005957733, 0.24077312060949152, 0.8242619518572891, -0.014442232499908614, 0.504578485050645, 0.8100749801590515, 0.4649895610944969]
[0.8404279225649363, 0.2859923863408392, 0.2393955803789018, 0.8480950166798494, -0.013741139499978627, 0.5041615698013819, 0.8358045459240451, 0.46673635023309534]
[0.8654723655377127, 0.2858945702786374, 0.23800400121252913, 0.8719196309796015, -0.0130188611127674, 0.5037279054856256, 0.8615341116890385, 0.46848313937169384]
[0.8905019061115683, 0.28581008042264466, 0.23659846471710352, 0.8957359872574056, -0.012275247044043813, 0.5032775639049399, 0.887263677454032, 0.47022992851029227]
[0.9155166817156726, 0.2857391136622913, 0.23517905331785863, 0.919544279883952, -0.01151014907100878, 0.5028106177072341, 0.9129932432190254, 0.47197671764889076]
[0.9405168319795233, 0.28568186520066485, 0.23374585025369726, 0.9433447050775449, -0.010723421065864935, 0.502327140382027, 0.9387228089840189, 0.4737235067874892]
[0.9655024987133773, 0.285638528528638, 0.23229893957231063, 0.9671374608815944, -0.009914919019134327, 0.5018272062556675, 0.9644523747490124, 0.4754702959260877]
[0.9904738258883853, 0.28560929539922697, 0.23083840612524897, 0.9909227471418361, -0.009084501062726402, 0.5013108904865033, 0.9901819405140059, 0.47721708506468613]
[1.001951817576615, 0.28560063902557586, 0.23016224851724, 1.0018576733500633, -0.008695248867449767, 0.5010679913617215, 1.0020133719620448, 0.47802032504690245]
