[-1, 0.294030361697727, 0.2288060723395453, -1, 5.551115123125783e-17, 0.49999999999999994, -1, 0.1]
[-1, 0.294030361697727, 0.2288060723395453, -1, 5.551115123125783e-17, 0.49999999999999994, -1, 0.1]
[-0.9898643244340768, 0.28910283254616553, 0.22985896637506328, -1.0004302343937077, -0.005685767200004688, 0.5000219597816682, -0.9967696420939223, 0.0964446581413297]
[-0.9798273021627101, 0.28392554388846974, 0.23090504821480928, -1.001013138894265, -0.011236914788191554, 0.5000337967905275, -0.9935392841878445, 0.0928893162826594]
[-0.9698981051154385, 0.27850386149343803, 0.23194428685666754, -1.001743736308827, -0.01664518750449273, 0.5000354926980971, -0.9903089262817668, 0.08933397442398909]
[-0.9600856436166517, 0.27284349262241425, 0.23297665150133012, -1.0026166502934108, -0.02190251519623082, 0.5000270294191169, -0.9870785683756891, 0.08577863256531879]
[-0.9503985535167926, 0.2669504739753215, 0.23400211155320977, -1.0036261122808574, -0.027001031016866572, 0.5000083891123037, -0.9838482104696114, 0.08222329070664848]
[-0.9408451838608461, 0.2608311591467738, 0.23502063662134656, -1.0047659692098783, -0.03193308936373945, 0.4999795541811022, -0.9806178525635336, 0.07866794884797818]
[-0.9314335851129254, 0.25449220561571656, 0.23603219652030868, -1.0060296920452818, -0.036691283520331575, 0.4999405072744292, -0.9773874946574559, 0.07511260698930787]
[-0.9221714979547521, 0.24794056129277547, 0.23703676127108694, -1.0074103850780243, -0.0412684629689582, 0.49989123128740987, -0.9741571367513782, 0.07155726513063757]
[-0.913066342674793, 0.24118345065017532, 0.2380343011019832, -1.0089007959922756, -0.04565775034023323, 0.49983170936210963, -0.9709267788453004, 0.06800192327196726]
[-0.9041252091637499, 0.23422836045973147, 0.23902478644949288, -1.010493326685263, -0.04985255796615315, 0.4997619248882574, -0.9676964209392227, 0.06444658141329695]
[-0.8953548475310088, 0.22708302516501044, 0.2400081879591809, -1.0121800448242486, -0.053846604004205656, 0.49968186150396354, -0.964466063033145, 0.06089123955462665]
[-0.8867616593555481, 0.2197554119143045, 0.24098447648655183, -1.0139526961236065, -0.05763392810052767, 0.4995915030964301, -0.9612357051270672, 0.057335897695956345]
[-0.8783516895836686, 0.21225370528156662, 0.24195362309791346, -1.0158027173236035, -0.06120890656081501, 0.4994908338026553, -0.9580053472209895, 0.05378055583728604]
[-0.8701306190847603, 0.20458629170290585, 0.2429155990712344, -1.0177212498511505, -0.06456626699842191, 0.4993798380101309, -0.9547749893149118, 0.050225213978615735]
[-0.8621037578751518, 0.19676174365664817, 0.24387037589699528, -1.019699154141488, -0.06770110242987815, 0.4992585003575324, -0.951544631408834, 0.04666987211994543]
[-0.8542760390189077, 0.1887888036153243, 0.24481792527903357, -1.0217270245984884, -0.07060888478890037, 0.49912680573540275, -0.9483142735027563, 0.043114530261275125]
[-0.8466520132132433, 0.1806763677982518, 0.2457582191353824, -1.0237952051700268, -0.07328547783087153, 0.49898473928683007, -0.9450839155966786, 0.03955918840260482]
[-0.8392358440650206, 0.1724334697536365, 0.2466912295991026, -1.0258938055136555, -0.07572714940071912, 0.4988322864081174, -0.9418535576906009, 0.036003846543934515]
[-0.8320313040635775, 0.1640692637993218, 0.24761692901910862, -1.0280127177266654, -0.07793058303812311, 0.49866943274944564, -0.9386231997845231, 0.03244850468526421]
[-0.825041771253919, 0.15559300835147344, 0.2485352899609881, -1.0301416336134763, -0.07989288889503973, 0.4984961642155308, -0.9353928418784454, 0.028893162826593904]
[-0.8182702266130784, 0.14701404917058813, 0.2494462852078148, -1.0322700624622343, -0.0816116139416275, 0.49831246696627307, -0.9321624839723677, 0.0253378209679236]
[-0.8117192521312266, 0.13834180255426992, 0.25034988776095535, -1.0343873493014393, -0.08308475143781038, 0.4981183274173998, -0.9289321260662899, 0.021782479109253294]
[-0.8053910295978841, 0.12958573850622024, 0.25124607084086925, -1.036482693606446, -0.08431074964890273, 0.49791373224110097, -0.9257017681602122, 0.01822713725058299]
[-0.7992873400923616, 0.12075536391083933, 0.2521348078879027, -1.0385451684247358, -0.08528851978495583, 0.49769866836665844, -0.9224714102541345, 0.014671795391912684]
[-0.7934095641763417, 0.11186020574273707, 0.25301607256307546, -1.0405637398879657, -0.08601744314475897, 0.4974731229810673, -0.9192410523480568, 0.011116453533242377]
[-0.787758682785292, 0.10290979434030173, 0.2538898387488617, -1.0425272870779558, -0.08649737744674202, 0.4972370835296509, -0.916010694441979, 0.007561111674572071]
[-0.782335278814201, 0.09391364677227607, 0.25475608054996396, -1.0444246222130018, -0.08672866233037321, 0.4969905377166692, -0.9127803365359013, 0.004005769815901764]
[-0.7771395393919289, 0.08488125032603946, 0.2556147722940805, -1.0462445111201528, -0.08671212401303083, 0.49673347350591834, -0.9095499786298236, 0.0004504279572314562]
[-0.7721712588372865, 0.07582204614599733, 0.2564658885326662, -1.0479756939584344, -0.08644907908874028, 0.4964658791213259, -0.9063196207237458, -0.003104913901438851]
[-0.7674298422887812, 0.06674541305013022, 0.25730940404168684, -1.049606906157371, -0.08594133745661271, 0.4961877430475361, -0.9030892628176681, -0.006660255760109158]
[-0.7629143099988256, 0.057660651552361275, 0.2581452938223666, -1.05112689953461, -0.08519120436829286, 0.4958990540304906, -0.8998589049115904, -0.010215597618779467]
[-0.7586233022820643, 0.04857696811795671, 0.2589735331019288, -1.0525244635559488, -0.08420148158521877, 0.4955998010780001, -0.8966285470055126, -0.013770939477449774]
[-0.7545550851063644, 0.039503459678686424, 0.2597940973343302, -1.053788446700635, -0.08297546763801397, 0.49528997346030995, -0.8933981890994349, -0.017326281336120082]
[-0.7507075563139253, 0.03044909843393617, 0.2606069622009885, -1.0549077778944382, -0.08151695718187109, 0.4949695607106585, -0.8901678311933572, -0.02088162319479039]
[-0.7470782524588959, 0.021422716963385345, 0.2614121036115031, -1.0558714879726723, -0.07983023944333961, 0.4946385526258278, -0.8869374732872795, -0.0244369650534607]
[-0.7436643562468488, 0.012432993676241375, 0.2622094977043687, -1.0566687311351197, -0.07792009575549952, 0.4942969392666873, -0.8837071153812017, -0.027992306912131008]
[-0.7404627045604437, 0.0034884386213575175, 0.2629991208476829, -1.057288806354611, -0.07579179618008507, 0.4939447109587306, -0.880476757475124, -0.031547648770801316]
[-0.7374697970546382, -0.005402620318144022, 0.26378094963984633, -1.0577211787009095, -0.0734510952167102, 0.4935818582926049, -0.8772463995690463, -0.03510299062947163]
[-0.7346818053038404, -0.014232050822867465, 0.2645549609102564, -1.0579555005414945, -0.0709042266009473, 0.49320837212463303, -0.8740160416629685, -0.03865833248814194]
[-0.7320945824824894, -0.022991929105664163, 0.2653211317199935, -1.0579816325808598, -0.06815789719460834, 0.4928242435773278, -0.8707856837568908, -0.04221367434681225]
[-0.7297036735596572, -0.03167455242940605, 0.2660794393625015, -1.0577896647000211, -0.06521927997318097, 0.49242946403990007, -0.8675553258508131, -0.045769016205482564]
[-0.7275043259874187, -0.04027245115359513, 0.26682986136426023, -1.0573699365580769, -0.06209600611697114, 0.49202402516875887, -0.8643249679447353, -0.049324358064152876]
[-0.725491500861926, -0.048778400290282166, 0.2675723754854516, -1.056713057917885, -0.05879615621409963, 0.491607918888004, -0.8610946100386576, -0.05287969992282319]
[-0.7236598845353468, -0.05718543055068979, 0.26830695972061885, -1.0558099286581977, -0.055328250585087994, 0.49118113738991187, -0.8578642521325799, -0.0564350417814935]
[-0.7220039006560935, -0.06548683886488826, 0.26903359229931856, -1.0546517584349444, -0.05170123874034829, 0.49074367313541356, -0.8546338942265022, -0.05999038364016381]
[-0.7205177226140782, -0.07367619835785388, 0.26975225168676586, -1.0532300859547659, -0.04792448798345652, 0.4902955188545655, -0.8514035363204244, -0.06354572549883412]
[-0.7191952863670764, -0.08174736776624916, 0.2704629165844728, -1.0515367978243844, -0.04400777117464064, 0.48983666754701327, -0.8481731784143467, -0.06710106735750443]
[-0.7180303036236764, -0.08969450028129847, 0.2711655659308793, -1.0495641469399328, -0.039961253670446506, 0.4893671124824472, -0.844942820508269, -0.07065640921617473]
[-0.7170162753577259, -0.09751205180419084, 0.27186017890197767, -1.0473047703809781, -0.035795479457056814, 0.488886847201051, -0.8417124626021912, -0.07421175107484504]
[-0.7161465056286723, -0.10519478860152183, 0.2725467349119294, -1.0447517067746392, -0.031521356496227504, 0.4883958655139433, -0.8384821046961135, -0.07776709293351534]
[-0.715414115681718, -0.11273779434938563, 0.27322521361367547, -1.041898413095938, -0.027150141304267655, 0.4878941615036106, -0.8352517467900358, -0.08132243479218565]
[-0.7148120583012898, -0.1201364765558465, 0.2738955948995394, -1.038738780871312, -0.02269342278592426, 0.48738172952433423, -0.832021388883958, -0.08487777665085597]
[-0.7143331323909411, -0.12738657235265188, 0.2745578589018231, -1.0352671517530694, -0.01816310534643535, 0.4868585642026085, -0.8287910309778803, -0.08843311850952629]
[-0.7139699977524768, -0.13448415364819705, 0.2752119859933955, -1.0314783324334866, -0.013571391306385253, 0.4863246604375522, -0.8255606730718026, -0.09198846036819659]
[-0.713715190036811, -0.1414256316349105, 0.27585795678827457, -1.0273676088682087, -0.008930762645329132, 0.48578001340131194, -0.8223303151657249, -0.09554380222686691]
[-0.7135611358388316, -0.14820776064539776, 0.2764957521422016, -1.022930759779651, -0.004253962101448322, 0.4852246185394588, -0.8190999572596472, -0.09909914408553723]
[-0.7135001679083665, -0.15482764135285904, 0.2771253531532086, -1.0181640694121705, 0.0004460263442463419, 0.4846584715713764, -0.8158695993535695, -0.10265448594420755]
[-0.7135245404492121, -0.1612827233124783, 0.27774674116217857, -1.0130643395119165, 0.005155997569435633, 0.4840815684906422, -0.8126392414474918, -0.10620982780287787]
[-0.7136264444780978, -0.16757080684166742, 0.27835989775339853, -1.0076289005054508, 0.009862545966843661, 0.48349390556540117, -0.8094088835414142, -0.10976516966154819]
[-0.7137980232154308, -0.1736900442382369, 0.2789648047551051, -1.0018556218524657, 0.014552086623407123, 0.4828954793387307, -0.8061785256353364, -0.1133205115202185]
[-0.7140313874796793, -0.17963894033675254, 0.2795614442400232, -0.9957429215492084, 0.01921087698918067, 0.4822862866290002, -0.8029481677292588, -0.11687585337888882]
[-0.7143186310573147, -0.18541635240452098, 0.28014979852589733, -0.9892897747605458, 0.0238250390018786, 0.4816663245302203, -0.7997178098231811, -0.12043119523755914]
[-0.7146518460203578, -0.19102148937982827, 0.28072985017601554, -0.9824957215599811, 0.02838058163198831, 0.48103559041238675, -0.7964874519171035, -0.12398653709622945]
[-0.7150231379637236, -0.19645391045622795, 0.2813015819997263, -0.9753608737583359, 0.0328634238124825, 0.48039408192181576, -0.7932570940110257, -0.12754187895489977]
[-0.7154246411347909, -0.20171352301784, 0.2818649770529479, -0.9678859208032766, 0.03725941771630553, 0.479741796981471, -0.7900267361049481, -0.1310972208135701]
[-0.7158485334278649, -0.20680057993177614, 0.28242001863867056, -0.9600721347333366, 0.04155437234401241, 0.47907873379128413, -0.7867963781988705, -0.1346525626722404]
[-0.7162870512165305, -0.21171567620494686, 0.2829666903074514, -0.9519213741716221, 0.04573407738321045, 0.4784048908284669, -0.7835660202927928, -0.13820790453091072]
[-0.7167325039972333, -0.21645974501363308, 0.2835049758579018, -0.9434360873459362, 0.04978432730077703, 0.4777202668478156, -0.780335662386715, -0.14176324638958104]
[-0.7171772888178428, -0.2210340531153124, 0.28403485933716777, -0.934619314123641, 0.05369094562822205, 0.47702486088200846, -0.7771053044806374, -0.14531858824825136]
[-0.7176139044653925, -0.22544019565332435, 0.28455632504140244, -0.9254746870511916, 0.05743980940001492, 0.4763186722418941, -0.7738749465745598, -0.14887393010692168]
[-0.7180349653876941, -0.22968009036602366, 0.28506935751623164, -0.9160064313899096, 0.06101687370422171, 0.47560170051677353, -0.7706445886684821, -0.152429271965592]
[-0.7184332153240542, -0.23375597121312497, 0.28557394155721194, -0.9062193641412176, 0.06440819630438077, 0.47487394557467333, -0.7674142307624043, -0.15598461382426232]
[-0.7188015406209123, -0.23767038143295838, 0.2860700622102812, -0.8961188920562406, 0.06759996229120491, 0.4741354075626121, -0.7641838728563267, -0.15953995568293264]
[-0.719132983208833, -0.24142616604535994, 0.28655770477220177, -0.8857110086263607, 0.07057850872241389, 0.47338608690685813, -0.760953514950249, -0.16309529754160296]
[-0.7194207532179638, -0.2450264638158844, 0.28703685479099617, -0.8750022900530302, 0.07333034920880505, 0.4726259843131798, -0.7577231570441714, -0.16665063940027328]
[-0.719658241209759, -0.24847469869797284, 0.28750749806637543, -0.8639998901968533, 0.07584219840451639, 0.4718551007670884, -0.7544927991380936, -0.1702059812589436]
[-0.719839030003528, -0.2517745707706132, 0.28796962065016013, -0.8527115345076791, 0.07810099635938333, 0.4710734375340731, -0.751262441232016, -0.17376132311761391]
[-0.7199569060771372, -0.2549300466899107, 0.28842320884669337, -0.8411455129391716, 0.0800939326912829, 0.4702809961598267, -0.7480320833259383, -0.17731666497628423]
[-0.720005870522015, -0.2579453496738269, 0.28886824921324705, -0.8293106718530591, 0.08180847053643453, 0.46947777847046657, -0.7448017254198607, -0.18087200683495455]
[-0.7199801495334571, -0.26082494904015174, 0.28930472856042017, -0.817216404919989, 0.08323237023577496, 0.4686637865727441, -0.7415713675137829, -0.18442734869362484]
[-0.7198742044181168, -0.26357354931854654, 0.28973263395252946, -0.8048726430256503, 0.08435371271573339, 0.46783902285424994, -0.7383410096077053, -0.18798269055229516]
[-0.7196827411014725, -0.2661960789582211, 0.29015195270799304, -0.7922898431925339, 0.08516092252202562, 0.46700348998360763, -0.7351106517016276, -0.19153803241096545]
[-0.7194007191190149, -0.2686976786535087, 0.2905626723997062, -0.779478976529423, 0.08564279046543616, 0.4661571909106634, -0.73188029379555, -0.19509337426963577]
[-0.7190233600758617, -0.2710836893102456, 0.29096478085540955, -0.766451515222395, 0.08578849583899123, 0.46530012886666405, -0.7286499358894722, -0.1986487161283061]
[-0.7185461555605097, -0.27335963967647914, 0.29135826615804994, -0.7532194185828055, 0.08558762816641541, 0.46443230736443086, -0.7254195779833945, -0.2022040579869764]
[-0.7179648744994531, -0.27553123366158716, 0.29174311664613367, -0.7397951181693838, 0.08503020844233955, 0.46355373019852203, -0.7221892200773169, -0.2057593998456467]
[-0.7172755699404395, -0.2776043373684245, 0.2921193209140718, -0.7261915020032168, 0.08410670982535162, 0.46266440144539, -0.7189588621712392, -0.20931474170431702]
[-0.7169393037923897, -0.27848133665701585, 0.29228108761824767, -0.7201906980104124, 0.08358558332018634, 0.46227218707307594, -0.7175464667379856, -0.21086922846734524]
[-0.7169393037923897, -0.27848133665701585, 0.29228108761824767, -0.7201906980104124, 0.08358558332018634, 0.46227218707307594, -0.7175464667379856, -0.21086922846734524]
[-0.7300998082042692, -0.27757617285431957, 0.2931110456689491, -0.7350429937548565, 0.0838153308636419, 0.464492917397213, -0.7309740529090928, -0.21366098997066257]
[-0.7432952175984862, -0.27665989588057294, 0.2938943272571086, -0.7499238227647147, 0.08404296017681456, 0.46666443817214476, -0.7444016390802, -0.2164527514739799]
[-0.7565256643011219, -0.27573334296083024, 0.2946308076490655, -0.7648332055965421, 0.0842676894047833, 0.46878660414552836, -0.7578292252513071, -0.21924451297729725]
[-0.7697912679538736, -0.2747973539134273, 0.29532036956401475, -0.779771150599947, 0.08448873505118248, 0.4708592775556196, -0.7712568114224143, -0.22203627448061458]
[-0.783092135474379, -0.2738527709154181, 0.29596290319268304, -0.7947376538860277, 0.08470531220865124, 0.4728823281502522, -0.7846843975935215, -0.22482803598393192]
[-0.7964283610204943, -0.2729004382673337, 0.29655830621481566, -0.8097326992997288, 0.08491663478989231, 0.4748556332046264, -0.7981119837646287, -0.22761979748724925]
[-0.8098000259585356, -0.27194120215733314, 0.29710648381547045, -0.8247562583961214, 0.08512191575926992, 0.4767790775379047, -0.8115395699357358, -0.2304115589905666]
[-0.8232071988354929, -0.2709759104248151, 0.29760734870011646, -0.8398082904206232, 0.0853203673648783, 0.4786525535286116, -0.824967156106843, -0.23320332049388393]
[-0.8366499353552257, -0.2700054123235613, 0.2980608211085353, -0.8548887422931603, 0.08551120137101026, 0.48047596112883506, -0.8383947422779502, -0.23599508199720126]
[-0.8501282783586483, -0.2690305582844806, 0.2984668288275224, -0.8699975485962816, 0.08569362929095703, 0.482249207877228, -0.8518223284490574, -0.2387868435005186]
[-0.8636422578079096, -0.2680521996780242, 0.2988253072023867, -0.8851346315672305, 0.08586686262006982, 0.4839722089108072, -0.8652499146201645, -0.24157860500383593]
[-0.8771918907745728, -0.2670711885763426, 0.29913619914724676, -0.9002999010939761, 0.08603011306901198, 0.48564488697554786, -0.8786775007912717, -0.24437036650715327]
[-0.8907771814317997, -0.2660883775152535, 0.2993994551541211, -0.9154932547152096, 0.08618259279713364, 0.4872671724357723, -0.8921050869623789, -0.2471621280104706]
[-0.9043981210505404, -0.2651046192560915, 0.29961503330081213, -0.9307145776243074, 0.08632351464589738, 0.4888390032823311, -0.9055326731334861, -0.24995388951378794]
[-0.918054687999731, -0.26412076654751054, 0.2997828992575823, -0.9459637426772601, 0.08645209237228618, 0.4903603251395765, -0.9189602593045932, -0.2527456510171053]
[-0.931746847750499, -0.2631376718873078, 0.2999030262926207, -0.9612406104045684, 0.08656754088212243, 0.49183109127112506, -0.9323878454757004, -0.2555374125204226]
[-0.9454745528843752, -0.2621561872843413, 0.2999753952763001, -0.9765450290271045, 0.08666907646322891, 0.49325126258441027, -0.9458154316468076, -0.25832917402373995]
[-0.9592377431055097, -0.2611771640206097, 0.2999999946842231, -0.9918768344759337, 0.0867559170183621, 0.49462080763402394, -0.9592430178179148, -0.2611209355270573]
[-0.9730363452568889, -0.2602014524135661, 0.2999768205990576, -1.007235850416096, 0.0868272822978467, 0.49593970262384635, -0.9726706039890219, -0.2639126970303746]
[-0.986870273340548, -0.25922990157873466, 0.29990587671116015, -1.0226218882743385, 0.0868823941318424, 0.4972079314079627, -0.9860981901601291, -0.26670445853369196]
[-1.0007394285417741, -0.2582633591927012, 0.2997871743179889, -1.0380347472707945, 0.08692047666217351, 0.49842548549037, -0.9995257763312363, -0.2694962200370093]
[-1.0146436992572916, -0.257302671256547, 0.29962073232230396, -1.053474214454601, 0.08694075657365125, 0.4995923640234696, -1.0129533625023435, -0.27228798154032663]
[-1.0285829611274222, -0.25634868185979615, 0.2994065772291576, -1.0689400647434455, 0.08694246332481897, 0.5007085738053492, -1.0263809486734508, -0.27507974304364397]
[-1.04255707707221, -0.2554022329449457, 0.2991447431416732, -1.0844320609670313, 0.08692482937805224, 0.5017741292758535, -1.039808534844558, -0.2778715045469613]
[-1.0565658973315006, -0.25446416407264844, 0.2988352717556149, -1.0999499539144533, 0.0868870904289431, 0.5027890525114442, -1.0532361210156653, -0.28066326605027864]
[-1.0706092595089627, -0.2535353121876176, 0.29847821235274724, -1.1154934823854656, 0.08682848563490103, 0.5037533732188495, -1.0666637071867726, -0.283455027553596]
[-1.0846869886200385, -0.2526165113853218, 0.29807362179298763, -1.1310623732456353, 0.0867482578429013, 0.504667128727506, -1.08009129335788, -0.2862467890569133]
[-1.0987988971438079, -0.2517085926795408, 0.2976215645053515, -1.1466563414853574, 0.0866456538163119, 0.5055303639807928, -1.0935188795289872, -0.28903855056023064]
[-1.1129447850787544, -0.25081238377084886, 0.29712211247769255, -1.1622750902827292, 0.08651992446073103, 0.5063431315260595, -1.1069464657000945, -0.291830312063548]
[-1.127124440002411, -0.2499287088160947, 0.2965753452452388, -1.177918311070249, 0.08637032504876835, 0.5071054915034496, -1.1203740518712018, -0.2946220735668653]
[-1.1413376371348716, -0.24905838819894638, 0.2959813498779272, -1.193585683605337, 0.08619611544370093, 0.5078175116335214, -1.133801638042309, -0.29741383507018265]
[-1.1555841394061486, -0.24820223830156884, 0.2953402209665379, -1.2092768760446488, 0.08599656032193703, 0.5084792672036693, -1.1472292242134163, -0.3002055965735]
[-1.1698636975273555, -0.24736107127750057, 0.2946520606076315, -1.2249915450221667, 0.08577092939422093, 0.5090908410533452, -1.1606568103845236, -0.3029973580768173]
[-1.1841760500656933, -0.24653569482579724, 0.29391697838729036, -1.2407293357310396, 0.08551849762551306, 0.5096523235580851, -1.174084396555631, -0.30578911958013466]
[-1.1985209235232184, -0.2457269119665088, 0.2931350913636679, -1.2564898820091583, 0.08523854545347725, 0.5101638126123422, -1.1875119827267382, -0.308580881083452]
[-1.2128980324193699, -0.24493552081755612, 0.2923065240483474, -1.272272806428434, 0.08493035900551146, 0.510625413611129, -1.2009395688978455, -0.31137264258676933]
[-1.2273070793772276, -0.2441623143730724, 0.29143140838651416, -1.2880777203877587, 0.08459323031425586, 0.511037239430472, -1.2143671550689528, -0.31416440409008667]
[-1.2417477552134788, -0.24340808028327632, 0.2905098837359441, -1.303904224209618, 0.08422645753151137, 0.5113994104066817, -1.22779474124006, -0.316956165593404]
[-1.2562197390320662, -0.24267360063594, 0.2895420968448115, -1.3197519072403359, 0.08382934514050877, 0.5117120543144422, -1.2412223274111673, -0.31974792709672134]
[-1.2707226983214852, -0.24195965173951728, 0.28852820182832045, -1.3356203479539115, 0.08340120416645946, 0.5119753063437227, -1.2546499135822746, -0.3225396886000387]
[-1.2852562890557067, -0.24126700390799571, 0.2874683601441621, -1.351509114059429, 0.08294135238532785, 0.5121893090755145, -1.268077499753382, -0.325331450103356]
[-1.2998201557986901, -0.24059642124753647, 0.2863627405668043, -1.3674177626120032, 0.08244911453076045, 0.5123542124563998, -1.2815050859244892, -0.32812321160667335]
[-1.3144139318124604, -0.23994866144496385, 0.28521151916061405, -1.3833458401272323, 0.08192382249911051, 0.5124701737719521, -1.2949326720955965, -0.3309149731099907]
[-1.3290372391687097, -0.23932447555816766, 0.284014879251821, -1.3992928826991224, 0.08136481555249608, 0.5125373576189777, -1.3083602582667038, -0.333706734613308]
[-1.3436896888638978, -0.23872460780847993, 0.2827730113993232, -1.4152584161214512, 0.08077144051982904, 0.5125559358765976, -1.321787844437811, -0.33649849611662536]
[-1.358370880937811, -0.23814979537508707, 0.2814861133643419, -1.4312419560125371, 0.08014305199575633, 0.5125260876761796, -1.3352154306089183, -0.3392902576199427]
[-1.373080404595545, -0.23760076819153764, 0.28015439007892834, -1.4472430079433727, 0.0794790125374526, 0.5124479993701189, -1.3486430167800256, -0.34208201912326003]
[-1.387817838332878, -0.2370782487444068, 0.27877805361333047, -1.4632610675690927, 0.07877869285920291, 0.5123218644994807, -1.362070602951133, -0.34487378062657736]
[-1.4025827500649926, -0.23658295187417525, 0.2773573231422208, -1.4792956207637311, 0.07804147202472081, 0.5121478837605011, -1.3754981891222402, -0.3476655421298947]
[-1.4173746972585082, -0.2361155845783823, 0.2758924249097945, -1.495346143758233, 0.07726673763713962, 0.5119262649699592, -1.3889257752933475, -0.35045730363321204]
[-1.4321932270667885, -0.23567684581711051, 0.2743835921937409, -1.5114121032816792, 0.07645388602662173, 0.5116572230294196, -1.4023533614644548, -0.35324906513652937]
[-1.4470378764684764, -0.23526742632085956, 0.27283106526809553, -1.5274929567056827, 0.07560232243552867, 0.5113409798883577, -1.415780947635562, -0.3560408266398467]
[-1.4619081724092202, -0.23488800840086535, 0.2712350913649772, -1.5435881521919153, 0.0747114612010957, 0.5109777645061662, -1.4292085338066693, -0.35883258814316404]
[-1.4768036319465465, -0.23453926576192027, 0.26959592463521775, -1.5596971288427182, 0.0737807259355561, 0.5105678128130557, -1.4426361199777766, -0.3616243496464814]
[-1.491723762397835, -0.2342218633177502, 0.26791382610789005, -1.5758193168547603, 0.07280954970366044, 0.5101113676698521, -1.456063706148884, -0.3644161111497987]
[-1.5066680614913526, -0.23393645700900156, 0.26618906364874007, -1.5919541376756878, 0.0717973751975362, 0.5096086788266964, -1.4694912923199912, -0.36720787265311605]
[-1.5216360175202999, -0.23368369362389282, 0.26442191191753067, -1.608101004163731, 0.07074365490883736, 0.5090600028806571, -1.4829188784910985, -0.3699996341564334]
[-1.5366271094998254, -0.23346421062158254, 0.26261265232430364, -1.6242593207502118, 0.06964785129812759, 0.508465603232259, -1.4963464646622058, -0.3727913956597507]
[-1.5516408073269574, -0.2332786359583059, 0.26076157298456626, -1.6404284836049112, 0.06850943696145084, 0.5078257500409352, -1.509774050833313, -0.37558315716306806]
[-1.5666765719434075, -0.23312758791633142, 0.25886896867341064, -1.6566078808042433, 0.06732789479403362, 0.5071407201794136, -1.5232016370044204, -0.3783749186663854]
[-1.5817338555011966, -0.23301167493578692, 0.256935140778572, -1.6727968925021899, 0.06610271815107374, 0.5064107971870374, -1.5366292231755276, -0.38116668016970273]
[-1.5968121015310521, -0.23293149544940522, 0.2549603972524343, -1.6889948911039427, 0.0648334110055635, 0.5056362712220366, -1.550056809346635, -0.38395844167302007]
[-1.6119107451135277, -0.23288763772023727, 0.25294505256299055, -1.7052012414422038, 0.06351948810310085, 0.5048174390127503, -1.5634843955177422, -0.3867502031763374]
[-1.627029213052791, -0.23288067968238066, 0.25088942764376504, -1.7214153009560917, 0.062160475113642116, 0.5039546038078111, -1.5769119816888495, -0.38954196467965474]
[-1.64216692405303, -0.23291118878477, 0.24879384984270647, -1.7376364198726009, 0.06075590878014839, 0.5030480753253004, -1.5903395678599568, -0.3923337261829721]
[-1.6573232888974232, -0.23297972183807528, 0.24665865287005936, -1.7538639413905581, 0.05930533706408139, 0.502098169700879, -1.603767154031064, -0.3951254876862894]
[-1.6724977106296206, -0.2330868248647526, 0.24448417674522252, -1.7700972018670291, 0.057808319287704774, 0.501105209434907, -1.6171947402021714, -0.39791724918960675]
[-1.687689584737678, -0.2332330329522915, 0.24227076774260248, -1.7863355310061082, 0.05626442627314707, 0.5000695233385548, -1.6306223263732786, -0.4007090106929241]
[-1.7028982993403945, -0.2334188701097016, 0.24001877833647106, -1.8025782520500486, 0.0546732404781837, 0.49899144647891963, -1.644049912544386, -0.4035007721962415]
[-1.7181232353759912, -0.23364484912728078, 0.2377285671448358, -1.8188246819726666, 0.05303435612869756, 0.4978713201231527, -1.6574774987154932, -0.40629253369955887]
[-1.7333637667930781, -0.23391147143970545, 0.23540049887233153, -1.835074131674966, 0.05134737934777664, 0.4967094916816075, -1.6709050848866005, -0.4090842952028762]
[-1.74861926074385, -0.23421922699248388, 0.23303494425214327, -1.8513259061829273, 0.049611928281409534, 0.4955063146500186, -1.6843326710577078, -0.4118760567061936]
[-1.7638890777794534, -0.2345685941118099, 0.2306322799869687, -1.8675793048473994, 0.047827633220741295, 0.49426214855071826, -1.697760257228815, -0.414667818209511]
[-1.779172572047465, -0.23496003937785684, 0.22819288868903015, -1.883833621546034, 0.045994136720851536, 0.49297735887290267, -1.7111878433999224, -0.4174595797128284]
[-1.794469091491424, -0.2353940175015474, 0.2257171588191456, -1.9000881448872087, 0.04411109371601715, 0.4916523170119563, -1.7246154295710296, -0.42025134121614577]
[-1.8097779780523564, -0.23587097120483516, 0.22320548462486803, -1.9163421584158706, 0.04217817163142876, 0.4902874002078428, -1.738043015742137, -0.4230431027194631]
[-1.825098567872229, -0.2363913311045348, 0.22065826607770386, -1.932594940821245, 0.04019505049131866, 0.48888299148257586, -1.7514706019132442, -0.4258348642227805]
[-1.8404301914992751, -0.2369555155997308, 0.21807590880941893, -1.948845766146343, 0.038161423023477165, 0.48743947957677425, -1.7648981880843513, -0.42862662572609783]
[-1.8557721740951305, -0.23756393076280205, 0.21545882404744446, -1.9650939039992128, 0.036076994760115416, 0.48595725888531927, -1.7783257742554586, -0.4314183872294152]
[-1.8711238356437097, -0.2382169702340897, 0.21280742854939022, -1.981338619765861, 0.03394148413505213, 0.48443672939211474, -1.7917533604265656, -0.43421014873273256]
[-1.8864844911617697, -0.23891501512024246, 0.21012214453667896, -1.9975791748247917, 0.03175462257718617, 0.4828782966039712, -1.805180946597673, -0.43700191023604995]
[-1.9018534509110907, -0.23965843389626568, 0.20740339962730872, -2.0138148267630926, 0.029516154600234323, 0.4812823714836135, -1.81860853276878, -0.4397936717393673]
[-1.9172300206122121, -0.2404475823113052, 0.20465162676775792, -2.0300448295940066, 0.027225837888699034, 0.4796493703818341, -1.8320361189398873, -0.4425854332426846]
[-1.921347652168005, -0.24066664765377466, 0.20390940697983062, -2.0343886755417873, 0.02660387413896359, 0.479205965649287, -1.8356307903304696, -0.44333280995488167]
[-1.921347652168005, -0.24066664765377466, 0.20390940697983062, -2.0343886755417873, 0.02660387413896359, 0.479205965649287, -1.8356307903304696, -0.44333280995488167]
[-1.8893864323346912, -0.2393870403589523, 0.20487492374018051, -1.9998691545700997, 0.029107908608133004, 0.4800185779766827, -1.8059932838695891, -0.44204894702010233]
[-1.8574319167554767, -0.23813733888811903, 0.20583648001489055, -1.9653431705522832, 0.03155747162485592, 0.48082715346832194, -1.7763557774087086, -0.440765084085323]
[-1.8254845119680274, -0.23691741101719435, 0.20679405721588878, -1.9308113666895232, 0.033952554661078965, 0.48163167357858383, -1.7467182709478282, -0.43948122115054367]
[-1.7935446224138534, -0.2357271188677467, 0.2077476368320237, -1.8962743855838438, 0.03629315713083367, 0.48243211983878886, -1.7170807644869477, -0.43819735821576433]
[-1.7616126503589518, -0.23456631893821447, 0.20869720042942214, -1.861732869136559, 0.03857928637486871, 0.4832284738575572, -1.6874432580260672, -0.436913495280985]
[-1.7296889958149042, -0.23343486213624512, 0.2096427296518453, -1.827187458447013, 0.04081095764394829, 0.48402071732116436, -1.6578057515651867, -0.43562963234620566]
[-1.6977740564604464, -0.2323325938121448, 0.21058420622104415, -1.7926387937116235, 0.04298819408082197, 0.4848088319938969, -1.6281682451043062, -0.43434576941142633]
[-1.6658682275635228, -0.23125935379343268, 0.21152161193711225, -1.758087514123252, 0.0451110267008705, 0.4855927997184051, -1.5985307386434258, -0.433061906476647]
[-1.6339719019038441, -0.23021497642049235, 0.2124549286788378, -1.7235342577709112, 0.04717949437143301, 0.4863726024160549, -1.5688932321825453, -0.43177804354186766]
[-1.6020854696959619, -0.229199290583313, 0.213384138404054, -1.6889796615398356, 0.049193643789821995, 0.4871482220872784, -1.5392557257216648, -0.43049418060708833]
[-1.5702093185128783, -0.22821211975931363, 0.21430922314998777, -1.6544243610119258, 0.051153529460029795, 0.4879196408119224, -1.5096182192607843, -0.429210317672309]
[-1.5383438332101997, -0.22725328205224113, 0.2152301650336069, -1.619868990366587, 0.05305921366813646, 0.488686840749596, -1.4799807127999038, -0.42792645473752966]
[-1.5064893958508592, -0.2263225902321363, 0.21614694625196587, -1.5853141822819798, 0.0549107664564199, 0.4894498041400157, -1.4503432063390234, -0.4266425918027503]
[-1.4746463856304117, -0.22541985177635815, 0.21705954908254996, -1.550760567836698, 0.05670826559617964, 0.4902085133033499, -1.4207056998781429, -0.425358728867971]
[-1.4428151788029278, -0.22454486891165873, 0.21796795588361786, -1.5162087764118939, 0.05845179655927832, 0.4909629506405615, -1.3910681934172624, -0.42407486593319166]
[-1.4109961486074913, -0.22369743865730007, 0.21887214909454286, -1.481659435593865, 0.0601414524884088, 0.49171309863374935, -1.361430686956382, -0.4227910029984123]
[-1.379189665195323, -0.22287735286920404, 0.21977211123615173, -1.4471131710771206, 0.06177733416609407, 0.49245893984648614, -1.3317931804955014, -0.421507140063633]
[-1.3473960955575388, -0.2220843982851272, 0.22066782491106354, -1.412570606567945, 0.06335954998242557, 0.4932004569241585, -1.302155674034621, -0.42022327712885366]
[-1.3156158034535619, -0.22131835657084956, 0.22155927280402507, -1.3780323636884753, 0.06488821590155233, 0.49393763259430135, -1.2725181675737405, -0.4189394141940743]
[-1.2838491493402, -0.22057900436737068, 0.22244643768224626, -1.3434990618813059, 0.06636345542692149, 0.494670449666934, -1.24288066111286, -0.417655551259295]
[-1.2520964903014027, -0.21986611333910042, 0.2233293023957327, -1.3089713183146436, 0.06778539956528681, 0.4953988910348922, -1.2132431546519795, -0.41637168832451565]
[-1.2203581799787127, -0.21917945022303753, 0.22420784987761788, -1.2744497477880214, 0.06915418678948482, 0.49612293967416077, -1.183605648191099, -0.4150878253897363]
[-1.1886345685024269, -0.21851877687892335, 0.22508206314449225, -1.2399349626385954, 0.07046996299999603, 0.4968425786442021, -1.1539681417302186, -0.413803962454957]
[-1.1569260024234767, -0.21788385034036356, 0.22595192529673253, -1.2054275726480326, 0.07173288148529061, 0.49755779108828635, -1.124330635269338, -0.41252009952017765]
[-1.125232824646046, -0.21727442286690402, 0.2268174195188273, -1.170928184950014, 0.07294310288097705, 0.49826856023381594, -1.0946931288084576, -0.4112362365853983]
[-1.0935553743609356, -0.21669024199705417, 0.22767852907970312, -1.1364374039383607, 0.07410079512775347, 0.49897486939265245, -1.0650556223475771, -0.409952373650619]
[-1.061893986979694, -0.21613105060224305, 0.22853523733304712, -1.1019558311758078, 0.0752061334281808, 0.49967670196143865, -1.0354181158866966, -0.40866851071583965]
[-1.0302489940695176, -0.21559658694170136, 0.2293875277176294, -1.0674840653034308, 0.07625930020227734, 0.5003740414219217, -1.0057806094258162, -0.4073846477810603]
[-0.9986207232889441, -0.21508658471825404, 0.23023538375762273, -1.0330227019507505, 0.07726048504195487, 0.5010668713412716, -0.9761431029649357, -0.4061007848462809]
[-0.9670094983243448, -0.21460077313501685, 0.23107878906292145, -0.998572333646525, 0.07820988466429546, 0.5017551753724017, -0.9465055965040552, -0.4048169219115016]
[-0.9354156388272308, -0.21413887695298026, 0.2319177273294578, -0.9641335497302462, 0.0791077028636907, 0.5024389372542829, -0.9168680900431747, -0.4035330589767222]
[-0.9038394603523859, -0.21370061654947428, 0.23275218233951783, -0.9297069362643557, 0.0799541504628424, 0.5031181408122621, -0.8872305835822942, -0.40224919604194287]
[-0.8722812742968378, -0.2132857079774979, 0.23358213796205402, -0.8952930759471949, 0.08074944526264599, 0.5037927699583723, -0.8575930771214137, -0.40096533310716354]
[-0.8407413878396796, -0.21289386302590457, 0.23440757815299798, -0.8608925480267031, 0.08149381199095801, 0.5044628086916473, -0.8279555706605333, -0.39968147017238415]
[-0.8092201038827554, -0.21252478928042912, 0.23522848695556986, -0.8265059282148814, 0.08218748225026712, 0.5051282410984295, -0.7983180641996528, -0.39839760723760476]
[-0.777717720992219, -0.2121781901855458, 0.23604484850058746, -0.7921337886030307, 0.08283069446427183, 0.5057890513526805, -0.7686805577387723, -0.3971137443028254]
[-0.7462345333409796, -0.21185376510714246, 0.2368566470067724, -0.7577766975777852, 0.08342369382338508, 0.5064452237162859, -0.7390430512778918, -0.39582988136804603]
[-0.7147708306520446, -0.21155120939600197, 0.23766386678105572, -0.7234352197379493, 0.08396673222916784, 0.5070967425393618, -0.7094055448170113, -0.3945460184332667]
[-0.6833268981427725, -0.2112702144520732, 0.23846649221888083, -0.6891099158121561, 0.08446006823771254, 0.5077435922605573, -0.6797680383561309, -0.3932621554984873]
[-0.6519030164700443, -0.21101046778952387, 0.2392645078045056, -0.6548013425773582, 0.08490396700198044, 0.5083857574073569, -0.6501305318952504, -0.391978292563708]
[-0.6204994616763675, -0.21077165310255683, 0.2400578981113016, -0.6205100527781671, 0.08529870021311284, 0.5090232225963792, -0.6204930254343699, -0.3906944296289286]
[-0.5891165051369199, -0.21055345033198186, 0.2408466478020533, -0.5862365950470508, 0.08564454604071953, 0.5096559725336769, -0.5908555189734894, -0.38941056669414925]
[-0.5577544135075478, -0.2103555357325241, 0.2416307416292536, -0.551981513825408, 0.08594178907216707, 0.5102839920150312, -0.5612180125126089, -0.38812670375936986]
[-0.5264134486737254, -0.2101775819408611, 0.24241016443539923, -0.5177453492855267, 0.08619072025086955, 0.5109072659262485, -0.5315805060517285, -0.38684284082459053]
[-0.49509386770048697, -0.2100192580443692, 0.24318490115328334, -0.4835286372534423, 0.08639163681360365, 0.5115257792434517, -0.501942999590848, -0.38555897788981114]
[-0.4637959227833426, -0.2098802296505704, 0.24395493680628721, -0.44933190913270965, 0.08654484222685371, 0.5121395170333731, -0.4723054931299675, -0.3842751149550318]
[-0.4325198612001857, -0.20976015895726166, 0.24472025650866924, -0.4151556918290976, 0.08665064612220671, 0.5127484644536422, -0.442667986669087, -0.3829912520202524]
[-0.401265925264203, -0.20965870482331614, 0.24548084546585325, -0.38100050767622146, 0.0867093642308018, 0.5133526067530749, -0.41303048020820654, -0.3817073890854731]
[-0.37003435227779546, -0.20957552284013778, 0.24623668897471407, -0.34686687436212343, 0.08672131831686017, 0.513951929271959, -0.38339297374732606, -0.3804235261506937]
[-0.3388253744875205, -0.20951026540376014, 0.2469877724238619, -0.3127553048568152, 0.0866868361102949, 0.5145464174423378, -0.3537554672864456, -0.37913966321591436]
[-0.307639219040063, -0.20946258178756919, 0.24773408129392482, -0.2786663073407907, 0.0866062512384276, 0.515136056788293, -0.3241179608255651, -0.37785580028113497]
[-0.2764761079392451, -0.20943211821564112, 0.24847560115782955, -0.2446003851345247, 0.08647990315681431, 0.5157208329262263, -0.2944804543646846, -0.37657193734635563]
[-0.2453362580040828, -0.20941851793667451, 0.24921231768107988, -0.21055803662896533, 0.08630813707920723, 0.5163007315651362, -0.26484294790380414, -0.37528807441157624]
[-0.21421988082789747, -0.20942142129850846, 0.24994421662203453, -0.17653975521703302, 0.0860913039066514, 0.5168757385068976, -0.23520544144292366, -0.3740042114767969]
[-0.18312718273849085, -0.2094404658232047, 0.25067128383218173, -0.1425460292261364, 0.08582976015574761, 0.5174458396465345, -0.20556793498204318, -0.3727203485420175]
[-0.1520583647593912, -0.2094752862826851, 0.2513935052564133, -0.1085773418517161, 0.08552386788607994, 0.5180110209724957, -0.1759304285211627, -0.3714364856072382]
[-0.12101362257217813, -0.2095255147749038, 0.25211086693329576, -0.07463417109182591, 0.08517399462683697, 0.518571268566925, -0.14629292206028222, -0.3701526226724588]
[-0.08999314647989426, -0.20959078080054339, 0.2528233549953409, -0.04071698968276316, 0.08478051330262876, 0.5191265686059323, -0.11665541559940173, -0.36886875973767946]
[-0.05899712137154993, -0.20967071134021498, 0.2535309556692733, -0.00682626503575659, 0.08434380215852683, 0.5196769073598602, -0.08701790913852125, -0.3675848968029001]
[-0.028025726687729006, -0.20976493093215173, 0.254233655276297, 0.027037540825276936, 0.0838642446843291, 0.520222271193552, -0.057380402677640774, -0.36630103386812074]
[0.002920863612698218, -0.20987306175037465, 0.2549314402323593, 0.06087397132489879, 0.08334222953807932, 0.5207626465666141, -0.027742896216760297, -0.36501717093334135]
[0.03384248108474774, -0.20999472368332056, 0.25562429704841433, 0.09468257539622708, 0.0827781504688424, 0.5212980200336808, 0.0018946102441201804, -0.363733307998562]
[0.06473896282837438, -0.2101295344129109, 0.2563122123306828, 0.12846290753991954, 0.08217240623876268, 0.5218283782446728, 0.031532116705000654, -0.3624494450637826]
[0.09561015151839761, -0.21027710949405085, 0.2569951727809118, 0.16221452788205082, 0.08152540054441212, 0.5223537079450582, 0.061169623165881135, -0.3611655821290033]
[0.12645589543329505, -0.21043706243453694, 0.25767316519663097, 0.19593700223087634, 0.08083754193745143, 0.522873995976108, 0.09080712962676162, -0.3598817191942239]
[0.15727604848285745, -0.21060900477536376, 0.2583461764714086, 0.22962990213247325, 0.08010924374461148, 0.5233892292751519, 0.1204446360876421, -0.35859785625944457]
[0.18807047023470064, -0.21079254617140616, 0.2590141935951045, 0.2632928049252515, 0.07934092398702156, 0.5238993948758319, 0.1500821425485226, -0.3573139933246652]
[0.21883902593962776, -0.21098729447246833, 0.2596772036541215, 0.2969252937933251, 0.07853300529888818, 0.5244044799083536, 0.17971964900940307, -0.35603013038988585]
[0.24958158655583862, -0.21119285580467592, 0.26033519383165515, 0.3305269578187387, 0.07768591484555357, 0.5249044715997351, 0.20935715547028355, -0.35474626745510646]
[0.28029802877197946, -0.21140883465220198, 0.26098815140794174, 0.3640973920325381, 0.07680008424093751, 0.5253993572740561, 0.23899466193116403, -0.3534624045203271]
[0.3109882350290303, -0.21163483393930377, 0.26163606376050363, 0.39763619746468104, 0.07587594946439002, 0.5258891243527026, 0.2686321683920445, -0.35217854158554773]
[0.341652093541024, -0.21187045511265967, 0.262278918364394, 0.4311429811927784, 0.07491395077696139, 0.5263737603546119, 0.298269674852925, -0.3508946786507684]
[0.3722894983145949, -0.2121152982239843, 0.2629167027924381, 0.4646173563896607, 0.07391453263711564, 0.5268532528965134, 0.3279071813138055, -0.349610815715989]
[0.4029003491673508, -0.21236896201291053, 0.26354940471547456, 0.498058942369762, 0.07287814361589381, 0.5273275896931708, 0.35754468777468595, -0.3483269527812097]
[0.4334845517450669, -0.212631043990116, 0.2641770119025924, 0.5314673646343162, 0.07180523631155472, 0.5277967585576178, 0.38718219423556643, -0.3470430898464303]
[0.46404201753769675, -0.2129011405206836, 0.2647995122213688, 0.5648422549153571, 0.07069626726369849, 0.5282607474013972, 0.4168197006964469, -0.34575922691165095]
[0.49457266389419846, -0.21317884690767283, 0.2654168936381026, 0.5981832512185203, 0.06955169686690091, 0.5287195442347932, 0.4464572071573274, -0.34447536397687156]
[0.5250764140361716, -0.21346375747589114, 0.2660291442180477, 0.6314899978646359, 0.06837198928386518, 0.5291731371670658, 0.4760947136182079, -0.34319150104209223]
[0.5555531970703039, -0.21375546565584286, 0.266636252125643, 0.664762145530112, 0.06715761235811701, 0.52962151440668, 0.5057322200790884, -0.34190763810731284]
[0.5860029479996242, -0.21405356406784434, 0.26723820562474204, 0.6979993512860998, 0.06590903752625196, 0.5300646642615361, 0.5353697265399688, -0.3406237751725335]
[0.6164256077335597, -0.21435764460628265, 0.2678349930788391, 0.7312012786364372, 0.06462673972975996, 0.5305025751391946, 0.5650072330008493, -0.3393399122377541]
[0.646821123096796, -0.21466729852400673, 0.2684266029512949, 0.7643675975543653, 0.0633111973264362, 0.5309352355471036, 0.5946447394617298, -0.3380560493029748]
[0.6771894468369375, -0.21498211651682808, 0.2690130238055587, 0.797497984518014, 0.06196289200140376, 0.5313626340928193, 0.6242822459226103, -0.3367721863681954]
[0.7075305376309676, -0.21530168880811995, 0.2695942443053903, 0.8305921225446518, 0.060582308677756824, 0.5317847594842291, 0.6539197523834908, -0.33548832343341606]
[0.737844360090507, -0.21562560523349222, 0.2701702532150787, 0.8636497012236967, 0.05916993542685006, 0.5322016005297692, 0.6835572588443712, -0.33420446049863667]
[0.7681308847658682, -0.2159534553255304, 0.27074103939965927, 0.8966704167484825, 0.057726263378243214, 0.5326131461386432, 0.7131947653052517, -0.33292059756385733]
[0.7983900881489082, -0.21628482839857616, 0.2713065918251292, 0.9296539719467799, 0.056251786629327394, 0.533019385321036, 0.7428322717661322, -0.33163673462907794]
[0.8286219526746758, -0.21661931363353856, 0.2718668995586608, 0.9626000763100664, 0.05474700215463926, 0.5334203071883282, 0.7724697782270127, -0.3303528716942986]
[0.8588264667218546, -0.21695650016271195, 0.2724219517688124, 0.9955084460215423, 0.05321240971489416, 0.5338159009533061, 0.8021072846878932, -0.3290690087595192]
[0.889003624612003, -0.21729597715459054, 0.27297173772573863, 1.0283788039828932, 0.051648511765741034, 0.534206155930373, 0.8317447911487736, -0.3277851458247399]
[0.9191534266075884, -0.21763733389865594, 0.2735162468013969, 1.0612108798397903, 0.05005581336627021, 0.534591061535755, 0.8613822976096541, -0.3265012828899605]
[0.9492758789088191, -0.21798015989012665, 0.2740554684697535, 1.0940044100061337, 0.048434822087280005, 0.5349706072877065, 0.8910198040705346, -0.32521741995518116]
[0.9793709936492734, -0.2183240449146472, 0.2745893923069866, 1.1267591376870294, 0.04678604791932961, 0.5353447828067152, 0.9206573105314151, -0.3239335570204018]
[1.0094387888903253, -0.21866857913290405, 0.27511800799168823, 1.1594748129005041, 0.045110003180586666, 0.5357135778157013, 0.9502948169922956, -0.32264969408562244]
[1.0394792886143718, -0.21901335316514825, 0.2756413053050634, 1.1921511924979513, 0.04340720242449586, 0.536076982140219, 0.979932323453176, -0.32136583115084305]
[1.0498537943425938, -0.21913247528920354, 0.27582089852172637, 1.203433719086764, 0.042812653114756793, 0.536201305659068, 0.9901739107444882, -0.320922177284956]
[1.0498537943425938, -0.21913247528920354, 0.27582089852172637, 1.203433719086764, 0.042812653114756793, 0.536201305659068, 0.9901739107444882, -0.320922177284956]
[1.0538100999463444, -0.21029547347675068, 0.2754241290054262, 1.2157898844649964, 0.046402703284413954, 0.5359401466603584, 0.9903493113316747, -0.31086523767060037]
[1.0577490587936567, -0.20159873007388462, 0.27502426948909553, 1.2279498882589999, 0.049583342292622345, 0.5356758456803322, 0.9905247119188612, -0.30080829805624476]
[1.061665477025476, -0.19304237630038507, 0.27462132445878246, 1.2398999192292683, 0.052360519157489765, 0.5354084071779892, 0.9907001125060476, -0.29075135844188915]
[1.0655541347370732, -0.1846263514300006, 0.2742152984351518, 1.2516263464109743, 0.05474065050998572, 0.5351378356469563, 0.9908755130932341, -0.28069441882753354]
[1.069409793056971, -0.17635040125756135, 0.27380619597343425, 1.2631157350035496, 0.0567306151390157, 0.5348641356154367, 0.9910509136804205, -0.27063747921317793]
[1.073227201297438, -0.16821407682662937, 0.27339402166337506, 1.2743548620955758, 0.05833774799462166, 0.5345873116461586, 0.991226314267607, -0.2605805395988223]
[1.0770011041669736, -0.16021673342070522, 0.2729787801291829, 1.2853307322064387, 0.05956983365426585, 0.5343073683363239, 0.9914017148547934, -0.2505235999844667]
[1.0807262490350997, -0.15235752982065814, 0.2725604760294778, 1.2960305926263491, 0.06043509925778903, 0.5340243103175562, 0.9915771154419799, -0.2404666603701111]
[1.084397393239655, -0.14463542783069136, 0.27213911405723873, 1.3064419485365057, 0.060942206917271535, 0.5337381422558485, 0.9917525160291664, -0.2304097207557555]
[1.0880093114267033, -0.1370491920747946, 0.27171469893975136, 1.316552577891365, 0.061100245608648684, 0.5334488688515111, 0.9919279166163528, -0.2203527811413999]
[1.091556802913082, -0.12959739006527213, 0.2712872354385546, 1.3263505460451999, 0.0609187225525579, 0.5331564948391178, 0.9921033172035393, -0.21029584152704428]
[1.0950346990615474, -0.12227839254456908, 0.2708567283493875, 1.3358242201053616, 0.06040755409250319, 0.532861024987453, 0.9922787177907257, -0.20023890191268867]
[1.0984378706584212, -0.11509037410124832, 0.2704231825021352, 1.3449622829949175, 0.05957705607903731, 0.5325624640994575, 0.9924541183779122, -0.19018196229833306]
[1.1017612352836053, -0.10803131406059963, 0.2699866027607749, 1.3537537472076175, 0.05843793376925438, 0.5322608170121748, 0.9926295189650987, -0.18012502268397745]
[1.1049997646627936, -0.10109899764998916, 0.2695469940233213, 1.362187968238433, 0.05700127125148073, 0.5319560885966961, 0.9928049195522851, -0.17006808306962184]
[1.1081484919917104, -0.09429101743868303, 0.2691043612217714, 1.3702546576732417, 0.0552785204056291, 0.5316482837581055, 0.9929803201394716, -0.16001114345526624]
[1.111202519222192, -0.08760477505150399, 0.26865870932204955, 1.3779438959215597, 0.05328148941025301, 0.5313374074354249, 0.993155720726658, -0.14995420384091063]
[1.1141570242999528, -0.08103748315530405, 0.2682100433239515, 1.3852461445765956, 0.05102233080789677, 0.5310234646015579, 0.9933311213138445, -0.13989726422655502]
[1.117007268343896, -0.07458616771686197, 0.2677583682610883, 1.3921522583872585, 0.04851352914088375, 0.5307064602632343, 0.993506521901031, -0.1298403246121994]
[1.1197486027568762, -0.06824767053043856, 0.26730368920082986, 1.3986534968271747, 0.045767888170223106, 0.5303863994609523, 0.9936819224882174, -0.11978338499784379]
[1.122376476257874, -0.06201865201285253, 0.2668460112442483, 1.4047415352461616, 0.042798517690830096, 0.5300632872689239, 0.9938573230754039, -0.10972644538348816]
[1.124886441825615, -0.05589559426356491, 0.26638533952606025, 1.4104084755900612, 0.03961881995677341, 0.5297371287950152, 0.9940327236625903, -0.09966950576913254]
[1.1272741635437395, -0.04987480438689476, 0.26592167921456983, 1.4156468566752676, 0.03624247573074649, 0.529407929180691, 0.9942081242497768, -0.08961256615477692]
[1.1295354233377377, -0.043952418073119545, 0.26545503551161015, 1.420449664004773, 0.032683429972447484, 0.5290756936009547, 0.9943835248369632, -0.0795556265404213]
[1.131666127593964, -0.038124403434854036, 0.26498541365248535, 1.4248103391130265, 0.02895587718100736, 0.5287404272642922, 0.9945589254241497, -0.06949868692606567]
[1.133662313651174, -0.03238656509473917, 0.26451281890591144, 1.4287227884274165, 0.02507424640706117, 0.5284021354126109, 0.9947343260113362, -0.05944174731171005]
[1.1355201561551602, -0.026734548520120905, 0.26403725657395777, 1.4321813916346902, 0.021053185950479492, 0.5280608233211826, 0.9949097265985226, -0.04938480769735443]
[1.1372359732672108, -0.021163844600046552, 0.2635587319919868, 1.4351810095411746, 0.016907547760196245, 0.5277164962985825, 0.9950851271857091, -0.039327868082998804]
[1.1388062327172854, -0.01566979445956296, 0.2630772505285951, 1.4377169914161985, 0.01265237155296077, 0.5273691596866306, 0.9952605277728955, -0.029270928468643185]
[1.1402275576929655, -0.010247594505961296, 0.2625928175855523, 1.4397851818086849, 0.008302868668219086, 0.52701881886033, 0.995435928360082, -0.019213988854287566]
[1.141496732555434, -0.004892301701280482, 0.2621054385977411, 1.4413819268274526, 0.003874405676687954, 0.526665479227808, 0.9956113289472684, -0.009157049239931943]
[1.142610708373932, 0.00040116094494504584, 0.2616151190330958, 1.4425040798763606, -0.0006175122394763489, 0.5263091462302538, 0.9957867295344549, 0.0008998903744236782]
[1.1435666082703584, 0.005637998669025941, 0.2611218643925417, 1.4431490068360247, -0.005157258116696112, 0.525949825341858, 0.9959621301216414, 0.0109568299887793]
[1.1443617325658924, 0.010823539039192344, 0.2606256802099322, 1.4433145906844516, -0.00972910023165649, 0.5255875220697498, 0.9961375307088278, 0.02101376960313492]
[1.144993563721766, 0.015963225841350157, 0.2601265720519881, 1.4429992355495511, -0.014317219295860825, 0.5252222419539367, 0.9963129312960143, 0.03107070921749054]
[1.145459771066549, 0.021062612771761982, 0.25962454551823383, 1.4422018701871306, -0.01890572580400631, 0.52485399056724, 0.9964883318832007, 0.041127648831846164]
[1.145758215302572, 0.026127356944184017, 0.2591196062409358, 1.4409219508786077, -0.023478677516888074, 0.5244827735152338, 0.9966637324703872, 0.05118458844620179]
[1.1458869527843807, 0.031163212219265154, 0.25861175988503826, 1.4391594637433351, -0.02802009705933241, 0.5241085964361802, 0.9968391330575737, 0.06124152806055741]
[1.145844239562389, 0.03617602236428284, 0.2581010121481005, 1.4369149264610825, -0.03251398961346713, 0.5237314650009677, 0.9970145336447601, 0.07129846767491303]
[1.1456285351851925, 0.04117171405154868, 0.25758736876023214, 1.4341893894008964, -0.03694436068746426, 0.5233513849130446, 0.9971899342319466, 0.08135540728926866]
[1.1452385062542954, 0.04615628970406347, 0.25707083548402987, 1.4309844361532178, -0.0412952339397469, 0.5229683619083578, 0.997365334819133, 0.09141234690362428]
[1.1446730297253156, 0.051135820197236934, 0.25655141811451165, 1.427302183462831, -0.045550669038530125, 0.5225824017552857, 0.9975407354063195, 0.1014692865179799]
[1.1439311959500438, 0.056116437425715156, 0.2560291224790526, 1.4231452805608764, -0.049694779536459836, 0.5221935102545743, 0.997716135993506, 0.11152622613233552]
[1.1430123114540647, 0.06110432674457097, 0.25550395443731905, 1.418516907894877, -0.05371175074004051, 0.5218016932392715, 0.9978915365806924, 0.12158316574669115]
[1.141915901444967, 0.06610571929431694, 0.25497591988120333, 1.4134207752563834, -0.05758585755348476, 0.5214069565746622, 0.9980669371678789, 0.13164010536104676]
[1.1406417120465249, 0.07112688421938841, 0.254445024734757, 1.4078611193065687, -0.06130148227659436, 0.5210093061582002, 0.9982423377550653, 0.14169704497540236]
[1.1391897122545667, 0.07617412078992601, 0.2539112749541252, 1.4018427005007634, -0.06484313233626458, 0.5206087479194444, 0.9984177383422518, 0.15175398458975797]
[1.1375600956106084, 0.08125375043684957, 0.2533746765274789, 1.3953707994136493, -0.06819545793123058, 0.5202052878199898, 0.9985931389294382, 0.16181092420411358]
[1.1357532815896871, 0.08637210871037139, 0.2528352354749486, 1.3884512124674944, -0.07134326956970714, 0.5197989318534013, 0.9987685395166247, 0.1718678638184692]
[1.1337699166991935, 0.0915355371722334, 0.2522929578485561, 1.3810902470665296, -0.07427155547964515, 0.5193896860451461, 0.9989439401038112, 0.1819248034328248]
[1.131610875285877, 0.09675037523208409, 0.25174784973214714, 1.37329471614124, -0.07696549887140637, 0.5189775564525261, 0.9991193406909976, 0.1919817430471804]
[1.1292772600485699, 0.10202295193851955, 0.2511999172413226, 1.3650719321070495, -0.07941049503278101, 0.5185625491646083, 0.9992947412781841, 0.20203868266153602]
[1.1267704022545604, 0.10735957773541824, 0.25064916652337066, 1.3564297002425496, -0.08159216823639495, 0.5181446703021584, 0.9994701418653705, 0.21209562227589163]
[1.1240918616579245, 0.11276653619427919, 0.25009560375719686, 1.3473763114931174, -0.08349638843972688, 0.5177239260175692, 0.999645542452557, 0.22215256189024724]
[1.1212434261185167, 0.11825007573335194, 0.24953923515325555, 1.3379205347064316, -0.08510928775812324, 0.5173003224947941, 0.9998209430397434, 0.23220950150460284]
[1.1182271109207143, 0.12381640133439906, 0.2489800669534798, 1.328071608307085, -0.08641727669141566, 0.5168738659492751, 0.99999634362693, 0.24226644111895845]
[1.1150451577913907, 0.12947166626798062, 0.24841810543121184, 1.3178392314181349, -0.08740706008496638, 0.5164445626278742, 1.0001717442141165, 0.25232338073331406]
[1.1117000336170035, 0.1352219638381762, 0.24785335689113194, 1.3072335544381102, -0.08806565280622503, 0.516012418808802, 1.000347144801303, 0.26238032034766967]
[1.1081944288600654, 0.14107331915767826, 0.2472858276691882, 1.2962651690826317, -0.0883803951181476, 0.5155774408015477, 1.0005225453884896, 0.2724372599620253]
[1.104531255675672, 0.14703168096419086, 0.24671552413252554, 1.2849450979004458, -0.0883389677311299, 0.5151396349468081, 1.0006979459756762, 0.2824941995763809]
[1.100713645729155, 0.15310291348905292, 0.24614245267941398, 1.2732847832743073, -0.0879294065154256, 0.5146990076164157, 1.0008733465628628, 0.2925511391907365]
[1.0967449477163227, 0.15929278838898164, 0.2455666197391769, 1.2612960759177563, -0.08714011685635428, 0.5142555652132671, 1.0010487471500493, 0.3026080788050921]
[1.0926287245881512, 0.16560697675178424, 0.2449880317721191, 1.248991222879461, -0.08595988763497556, 0.5138093141712509, 1.001224147737236, 0.3126650184194477]
[1.0883687504821862, 0.17205104118683437, 0.24440669526945408, 1.2363828550673779, -0.084377904817279, 0.5133602609551751, 1.0013995483244225, 0.3227219580338033]
[1.0839690073632962, 0.1786304280110367, 0.2438226167532314, 1.2234839743055765, -0.08238376463534883, 0.5129084120606946, 1.001574948911609, 0.33277889764815893]
[1.0794336813768282, 0.18535045954091725, 0.2432358027762633, 1.2103079399371472, -0.07996748634438502, 0.5124537740142373, 1.0017503494987956, 0.34283583726251454]
[1.074767158917586, 0.1922163265013802, 0.2426462599220516, 1.1968684549871607, -0.07711952453990245, 0.511996353372932, 1.0019257500859822, 0.3528927768768702]
[1.0699740224184509, 0.19923308056155511, 0.24205399480471324, 1.1831795519002026, -0.0738307810199004, 0.5115361567245329, 1.0021011506731687, 0.36294971649122587]
[1.0650590458628337, 0.2064056270080357, 0.2414590140689066, 1.1692555778675184, -0.07009261617726423, 0.5110731906873468, 1.0022765512603553, 0.37300665610558154]
[1.060027190025536, 0.2137387175656635, 0.24086132438975666, 1.155111179759333, -0.06589685990817737, 0.510607461910157, 1.0024519518475417, 0.3830635957199372]
[1.0548835974469566, 0.22123694337586283, 0.24026093247278024, 1.1407612886783876, -0.06123582202282038, 0.5101389770721503, 1.0026273524347282, 0.39312053533429286]
[1.0496335871459568, 0.2289047281423563, 0.23965784505381083, 1.1262211041512258, -0.05610230214518719, 0.5096677428828402, 1.0028027530219146, 0.40317747494864853]
[1.0442826490770534, 0.23674632145391464, 0.23905206889892258, 1.111506077974212, -0.05048959908938952, 0.5091937660819922, 1.0029781536091011, 0.4132344145630042]
[1.0388364383379622, 0.2447657922935977, 0.23844361080435522, 1.0966318977317129, -0.04439151970038699, 0.5087170534395478, 1.0031535541962875, 0.42329135417735986]
[1.033300769133867, 0.2529670227437324, 0.23783247759643686, 1.0816144700042876, -0.03780238714767453, 0.5082376117555474, 1.003328954783474, 0.4333482937917155]
[1.0276816085051181, 0.2613537018956581, 0.2372186761315082, 1.0664699032851404, -0.030717048661041968, 0.5077554478600553, 1.0035043553706604, 0.44340523340607124]
[1.0219850698254174, 0.26992931997303066, 0.23660221329584502, 1.0512144906234713, -0.023130882698148614, 0.5072705686130812, 1.003679755957847, 0.45346217302042696]
[1.0162174060778413, 0.2786971626772382, 0.23598309600558154, 1.0358646920137118, -0.015039805534262707, 0.5067829809045044, 1.0038551565450333, 0.4635191126347827]
[1.010385002916401, 0.28766030576321555, 0.235361331206632, 1.0204371165499897, -0.00644027726517421, 0.5062926916539945, 1.00403055713222, 0.47357605224913846]
[1.0044943715211194, 0.2968216098536843, 0.23473692587461364, 1.00494850436547, 0.0026706927850785322, 0.5057997078109354, 1.0042059577194062, 0.4836329918634942]
[1.0042219956287362, 0.297248020421371, 0.23470812773244215, 1.0042345362782943, 0.003102325186479682, 0.505776956293593, 1.0042140295336044, 0.4840958052968491]
