[-1, 0.294030361697727, 0.2288060723395453, -1, 5.551115123125783e-17, 0.49999999999999994, -1, 0.1]
[-1, 0.294030361697727, 0.2288060723395453, -1, 5.551115123125783e-17, 0.49999999999999994, -1, 0.1]
[-1.0055762262573171, 0.2898502093858917, 0.22746882407560276, -0.9983884358947993, 0.0010378800166706559, 0.5041198209543942, -1.0007098467531184, 0.09431440083875216]
[-1.01122688009861, 0.2855378584472772, 0.22612085806749613, -0.9971159038594379, 0.0022171532496328417, 0.5081319542248761, -1.0014196935062367, 0.08862880167750431]
[-1.016948137994127, 0.2810904851314029, 0.22476223782790625, -0.9961900401677448, 0.003523015511421812, 0.5120345845363758, -1.002129540259355, 0.08294320251625646]
[-1.0227360791329991, 0.27650538117059953, 0.2233930273715138, -0.995617849541343, 0.004940291270231489, 0.5158259317636483, -1.0028393870124734, 0.07725760335500861]
[-1.0285866890077873, 0.2717799569833995, 0.22201329121198318, -0.9954056880290738, 0.006453460612328987, 0.5195042515746519, -1.0035492337655918, 0.07157200419376078]
[-1.034495863102055, 0.26691174476484963, 0.22062309435892274, -0.9955592470448444, 0.008046686971308337, 0.5230678360615351, -1.0042590805187102, 0.06588640503251295]
[-1.0404594106773661, 0.26189840146047677, 0.2192225023148218, -0.9960835385976492, 0.009703845574072945, 0.5265150143590044, -1.0049689272718285, 0.060200805871265105]
[-1.0464730586560036, 0.2567377116207504, 0.21781158107196424, -0.9969828817453392, 0.011408552551963297, 0.5298441532498588, -1.0056787740249469, 0.054515206710017264]
[-1.05253245559561, 0.25142759013300536, 0.21639039710931904, -0.9982608903014678, 0.01314419466407804, 0.5330536577574758, -1.0063886207780652, 0.04882960754876942]
[-1.0586331757518481, 0.2459660848279108, 0.21495901738940817, -0.999920461822237, 0.014893959578556937, 0.5361419717250431, -1.0070984675311836, 0.04314400838752158]
[-1.0647707232250958, 0.240351378957693, 0.21351750935515137, -1.001963767898215, 0.016640866656422726, 0.5391075783813278, -1.007808314284302, 0.03745840922627375]
[-1.0709405361870947, 0.23458179354344988, 0.21206594092668835, -1.0043922457730803, 0.018367798181505857, 0.5419490008927881, -1.0085181610374203, 0.031772810065025914]
[-1.077137991183394, 0.2286557895890235, 0.2106043804981787, -1.0072065913092019, 0.02005753097900892, 0.5446648029018291, -1.0092280077905387, 0.02608721090377808]
[-1.0833584075073506, 0.22257197015903027, 0.2091328969345793, -1.0104067533173617, 0.02169276836440734, 0.5472535890510178, -1.009937854543657, 0.020401611742530246]
[-1.089597051641365, 0.21632908231878395, 0.20765155956839945, -1.0139919292653972, 0.0232561723636365, 0.5497140054930675, -1.0106477012967754, 0.014716012581282412]
[-1.0958491417609748, 0.20992601893398247, 0.20616043819643437, -1.0179605623779762, 0.024730396144864913, 0.552044740386414, -1.0113575480498938, 0.009030413420034578]
[-1.1021098522973436, 0.20336182032817254, 0.20465960307647618, -1.0223103401371256, 0.026098116601637134, 0.5542445243762117, -1.012067394803012, 0.0033448142587867444]
[-1.1083743185536412, 0.19663567579614372, 0.203149124924004, -1.0270381941905216, 0.027342067026740524, 0.5563121310605746, -1.0127772415561305, -0.002340784902461088]
[-1.114637641370733, 0.1897469249715514, 0.20162907490885154, -1.032140301671912, 0.028445069815857926, 0.5582463774419016, -1.0134870883092488, -0.008026384063708918]
[-1.1208948918375612, 0.1826950590472104, 0.2000995246518541, -1.0376120879354094, 0.02939006913987391, 0.5600461243631268, -1.0141969350623672, -0.013711983224956748]
[-1.1271411160415392, 0.17547972184664962, 0.1985605462214738, -1.0434482307027324, 0.03016016352463008, 0.561710276928738, -1.0149067818154855, -0.01939758238620458]
[-1.1333713398542469, 0.16810071074566696, 0.19701221213040404, -1.0496426656198208, 0.030738638276969432, 0.5632377849104184, -1.015616628568604, -0.02508318154745241]
[-1.1395805737476663, 0.16055797744277242, 0.1954545953321528, -1.056188593216603, 0.03110899769606243, 0.5646276431371662, -1.0163264753217223, -0.03076878070870024]
[-1.1457638176361724, 0.15285162857755996, 0.19388776921760523, -1.0630784872610488, 0.031254997009283886, 0.5658788918697535, -1.0170363220748406, -0.03645437986994807]
[-1.1519160657394567, 0.14498192619619915, 0.1923118076115657, -1.0703041044960042, 0.031160673972292385, 0.5669906171593957, -1.017746168827959, -0.0421399790311959]
[-1.1580323114615418, 0.13694928806339196, 0.1907267847692795, -1.077856495744705, 0.0308103800734678, 0.5679619511905005, -1.0184560155810773, -0.047825578192443735]
[-1.164107552281023, 0.1287542878202935, 0.18913277537293383, -1.0857260183682569, 0.03018881128347524, 0.5687920726073777, -1.0191658623341957, -0.05351117735369156]
[-1.1701367946476589, 0.1203976549880492, 0.18752985452813922, -1.0939023500558225, 0.029281038291449443, 0.5694802068247946, -1.019875709087314, -0.05919677651493939]
[-1.1761150588804261, 0.1118802748167562, 0.18591809776039067, -1.1023745039257165, 0.028072536170132584, 0.5700256263222645, -1.0205855558404326, -0.06488237567618722]
[-1.18203738406214, 0.10320318797981144, 0.184297581011509, -1.1111308449131123, 0.026549213413242304, 0.570427650921967, -1.021295402593551, -0.07056797483743506]
[-1.1878988329257572, 0.09436759011376473, 0.18266838063606286, -1.1201591074176265, 0.024697440289405237, 0.5706856480502005, -1.0220052493466696, -0.07625357399868289]
[-1.193694496727461, 0.08537483120394798, 0.18103057339777082, -1.1294464141816158, 0.0225040764581476, 0.570799032982273, -1.022715096099788, -0.08193917315993071]
[-1.199419500101667, 0.07622641481630991, 0.17938423646588478, -1.1389792963676992, 0.01995649779470253, 0.570767269070746, -1.0234249428529065, -0.08762477232117853]
[-1.205069005893071, 0.06692399717603634, 0.17772944741155378, -1.1487437148016841, 0.017042622371757958, 0.5705898679569501, -1.0241347896060249, -0.09331037148242635]
[-1.2106382199609063, 0.057469386093692745, 0.1760662842041689, -1.1587250823448638, 0.013750935547734058, 0.5702663897656951, -1.0248446363591432, -0.09899597064367417]
[-1.216122395950587, 0.04786453973977853, 0.17439482520768992, -1.1689082873574619, 0.010070514112743435, 0.5697964432831091, -1.0255544831122618, -0.10468156980492199]
[-1.2215168400279497, 0.03811156526873223, 0.17271514917695266, -1.1792777182128984, 0.0059910494450389415, 0.5691796861175384, -1.0262643298653802, -0.11036716896616981]
[-1.226816915571339, 0.028212717293583156, 0.1710273352539584, -1.1898172888205185, 0.0015028696325049308, 0.5684158248434557, -1.0269741766184988, -0.11605276812741763]
[-1.2320180478168181, 0.01817039621259056, 0.1693314629641451, -1.20051046511246, -0.003403039484421916, 0.5675046151283197, -1.0276840233716171, -0.12173836728866544]
[-1.2371157284518348, 0.00798714638936282, 0.16762761221263994, -1.2113402924484686, -0.008735014390096895, 0.5664458618423456, -1.0283938701247357, -0.12742396644991325]
[-1.2421055201527185, -0.002334345811903449, 0.1659158632804947, -1.2222894238906632, -0.014500695130972019, 0.5652394191511438, -1.029103716877854, -0.13310956561116105]
[-1.2469830610614365, -0.012791254134279922, 0.1641962968209031, -1.2333401492985554, -0.02070700775048189, 0.5638851905911927, -1.0298135636309727, -0.13879516477240886]
[-1.2517440691970967, -0.02338061467712782, 0.1624689938554005, -1.2444744251930036, -0.027360147956981516, 0.5623831291281216, -1.030523410384091, -0.14448076393365666]
[-1.2563843467977465, -0.03409932828421308, 0.16073403577004663, -1.2556739053362642, -0.034465566057990435, 0.560733237197778, -1.0312332571372096, -0.15016636309490447]
[-1.2608997845880832, -0.04494416306870247, 0.1589915043115906, -1.266919971973871, -0.04202795319171182, 0.558935566730066, -1.031943103890328, -0.15585196225615228]
[-1.2652863659687634, -0.05591175707269021, 0.15724148158361922, -1.2781937676827473, -0.05005122888445336, 0.5569902191555454, -1.0326529506434465, -0.16153756141740006]
[-1.269540171123074, -0.06699862105877023, 0.15548405004268878, -1.2894762277687295, -0.058538529960175965, 0.5548973453947899, -1.033362797396565, -0.16722316057864783]
[-1.2736573810368055, -0.07820114143103199, 0.15371929249443964, -1.30074811315556, -0.06749220082594042, 0.5526571458305031, -1.0340726441496835, -0.17290875973989564]
[-1.2776342814272568, -0.0895155832827323, 0.15194729208969476, -1.3119900437063912, -0.07691378515452654, 0.5502698702624058, -1.0347824909028018, -0.17859435890114342]
[-1.281467266577384, -0.10093809356776202, 0.15016813232054174, -1.3231825319179322, -0.08680401898295136, 0.5477358178449045, -1.0354923376559204, -0.18427995806239122]
[-1.2851528430711998, -0.11246470439290633, 0.14838189701639906, -1.3343060169265804, -0.09716282524303493, 0.5450553370075655, -1.0362021844090388, -0.189965557223639]
[-1.2863224850368775, -0.11624607017053196, 0.14779778029633495, -1.3379158560349957, -0.10064267745607061, 0.5441494652995008, -1.0364337088540196, -0.19181997887790203]
[-1.2863224850368775, -0.11624607017053196, 0.14779778029633495, -1.3379158560349957, -0.10064267745607061, 0.5441494652995008, -1.0364337088540196, -0.19181997887790203]
[-1.2723780434463086, -0.11611854491028685, 0.14987812533219858, -1.3270389051290685, -0.09891799237104848, 0.5457522608758624, -1.0244839221025501, -0.19412528917071412]
[-1.258394826335549, -0.1160312872323034, 0.1519489099052245, -1.316089486707959, -0.09716446067787554, 0.5473162947769123, -1.0125341353510806, -0.1964305994635262]
[-1.2443736177231275, -0.11598500905015253, 0.15401000192369554, -1.3050670022071866, -0.09538347785470803, 0.5488414722908299, -1.000584348599611, -0.19873590975633829]
[-1.2303152150531542, -0.11598040710231582, 0.15606126991416558, -1.2939708802825478, -0.09357645146383668, 0.5503277014753023, -0.9886345618481416, -0.20104122004915037]
[-1.2162204289019236, -0.11601816269787191, 0.15810258302984576, -1.2828005770530917, -0.09174480061929623, 0.5517748931629956, -0.9766847750966721, -0.20334653034196246]
[-1.2020900826796943, -0.11609894146785453, 0.1601338110589515, -1.271555576333672, -0.0898899554495965, 0.5531829609668274, -0.9647349883452025, -0.20565184063477454]
[-1.1879250123277612, -0.11622339312237218, 0.16215482443300808, -1.2602353898569805, -0.08801335655577772, 0.5545518212850394, -0.952785201593733, -0.20795715092758663]
[-1.1737260660109263, -0.1163921512135795, 0.16416549423511584, -1.2488395574849622, -0.0861164544649971, 0.5558813933060724, -0.9408354148422635, -0.2102624612203987]
[-1.1594941038054853, -0.11660583290458706, 0.16616569220817326, -1.2373676474095314, -0.08420070907985425, 0.5571715990132399, -0.928885628090794, -0.2125677715132108]
[-1.1452299973828404, -0.11686503874439455, 0.16815529076305866, -1.2258192563424937, -0.08226758912366541, 0.5584223631892051, -0.9169358413393245, -0.21487308180602288]
[-1.1309346296888605, -0.1171703524489301, 0.1701341629867684, -1.2141940096945987, -0.08031857158189822, 0.5596336134202554, -0.904986054587855, -0.21717839209883497]
[-1.116608894619102, -0.1175223406882762, 0.17210218265051286, -1.2024915617436425, -0.07835514113997977, 0.560805280100378, -0.8930362678363855, -0.21948370239164705]
[-1.1022536966900118, -0.11792155288016, 0.17405922421776823, -1.190711595791547, -0.07637878961769315, 0.5619372964351356, -0.8810864810849159, -0.22178901268445914]
[-1.0878699507062342, -0.1183685209897847, 0.17600516285228412, -1.1788538243103506, -0.0743910154003784, 0.5630295984453406, -0.8691366943334464, -0.22409432297727122]
[-1.0734585814241417, -0.11886375933607451, 0.17793987442604678, -1.1669179890770387, -0.07239332286715566, 0.5640821249705292, -0.8571869075819769, -0.2263996332700833]
[-1.0590205232117142, -0.11940776440440538, 0.179863235527197, -1.154903861297158, -0.07038722181638987, 0.5650948176722349, -0.8452371208305074, -0.2287049435628954]
[-1.0445567197048937, -0.12000101466588929, 0.1817751234679024, -1.142811241717161, -0.06837422688861576, 0.5660676210370604, -0.8332873340790379, -0.23101025385570748]
[-1.0300681234605364, -0.12064397040327948, 0.1836754162921832, -1.1306399607254198, -0.0663558569871465, 0.5670004823795485, -0.8213375473275684, -0.23331556414851956]
[-1.0155556956060943, -0.12133707354355988, 0.18556399278369187, -1.1183898784418718, -0.06433363469658686, 0.5678933518448517, -0.8093877605760988, -0.23562087444133165]
[-1.0010204054861513, -0.12208074749728043, 0.18744073247344534, -1.106060884796244, -0.06230908569947471, 0.5687461824112015, -0.7974379738246293, -0.23792618473414373]
[-0.9864632303059472, -0.12287539700469735, 0.18930551564750908, -1.093652899594828, -0.06028373819127528, 0.5695589298921737, -0.7854881870731598, -0.24023149502695582]
[-0.971885154772017, -0.12372140798877512, 0.19115822335463398, -1.0811658725757614, -0.05825912229395319, 0.5703315529387543, -0.7735384003216903, -0.2425368053197679]
[-0.9572871707300802, -0.12461914741510349, 0.19299873741384366, -1.0685997834527898, -0.05623676946834752, 0.5710640130412029, -0.7615886135702208, -0.24484211561257999]
[-0.9426702768003125, -0.12556896315878172, 0.19482694042197327, -1.0559546419474868, -0.05421821192557719, 0.5717562745307144, -0.7496388268187513, -0.24714742590539207]
[-0.9280354780101325, -0.12657118387831856, 0.1966427157611582, -1.0432304878099035, -0.05220498203770277, 0.572408304580879, -0.7376890400672818, -0.24945273619820416]
[-0.9133837854246416, -0.12762611889659436, 0.1984459476062731, -1.0304273908276387, -0.050198611747872726, 0.5730200732089397, -0.7257392533158122, -0.25175804649101624]
[-0.8987162157748481, -0.1287340580889289, 0.20023652093232022, -1.0175454508233102, -0.04820063198018139, 0.5735915532768492, -0.7137894665643427, -0.25406335678382835]
[-0.8840337910838174, -0.12989527177829638, 0.20201432152176632, -1.0045847976404272, -0.04621257204946691, 0.5741227204921239, -0.7018396798128732, -0.25636866707664047]
[-0.8693375382908817, -0.13111001063772593, 0.2037792359718289, -0.9915455911176526, -0.044235959071278155, 0.5746135534084968, -0.6898898930614037, -0.2586739773694526]
[-0.8546284888740489, -0.132378505599923, 0.20553115170170952, -0.9784280210514636, -0.04227231737223665, 0.5750640334263674, -0.6779401063099342, -0.2609792876622647]
[-0.8399076784707497, -0.1337009677741457, 0.2072699569597753, -0.9652323071472109, -0.040323167901024914, 0.5754741447930514, -0.6659903195584647, -0.2632845979550768]
[-0.8251761464970613, -0.135077588370366, 0.20899554083068755, -0.9519586989585894, -0.03839002764022745, 0.5758438746028278, -0.6540405328069951, -0.2655899082478889]
[-0.8104349357655486, -0.1365085386307437, 0.21070779324247643, -0.9386074758155357, -0.03647440901925279, 0.5761732127967837, -0.6420907460555256, -0.26789521854070103]
[-0.7956850921018627, -0.13799396976843856, 0.21240660497356276, -0.9251789467405696, -0.03457781932856495, 0.5764621521624593, -0.6301409593040561, -0.27020052883351314]
[-0.7809276639602373, -0.13953401291378284, 0.2140918676597246, -0.9116734503536034, -0.03270176013545159, 0.5767106883332894, -0.6181911725525866, -0.27250583912632526]
[-0.766163702038026, -0.1411287790678342, 0.21576347380100996, -0.8980913547652514, -0.030847726701555916, 0.5769188197878452, -0.6062413858011171, -0.27481114941913737]
[-0.7513942588894192, -0.1427783590633259, 0.2174213167685939, -0.8844330574586647, -0.029017207402399117, 0.577086547848874, -0.5942915990496476, -0.2771164597119495]
[-0.7366203885384861, -0.14448282353302835, 0.21906529081158016, -0.8706989851599356, -0.027211683149118662, 0.5772138766821375, -0.582341812298178, -0.2794217700047616]
[-0.7218431460916801, -0.14624222288553462, 0.22069529106374683, -0.8568895936971088, -0.025432626812648962, 0.57730081329505, -0.5703920255467085, -0.2817270802975737]
[-0.707063587349954, -0.148056587288477, 0.2223112135502357, -0.8430053678478486, -0.023681502650567177, 0.5773473675351151, -0.558442238795239, -0.2840323905903858]
[-0.6922827684206246, -0.14992592665918306, 0.22391295519418447, -0.8290468211758086, -0.02195976573682995, 0.5773535520881627, -0.5464924520437695, -0.28633770088319793]
[-0.6775017453291298, -0.15185023066277237, 0.22550041382330202, -0.815014495855762, -0.020268861394621612, 0.5773193824763847, -0.5345426652923, -0.28864301117601004]
[-0.6627215736308223, -0.15382946871769618, 0.22707348817638556, -0.8009089624875518, -0.018610224632536726, 0.5772448770561698, -0.5225928785408305, -0.29094832146882216]
[-0.6479433080229413, -0.15586359000871738, 0.2286320779097803, -0.7867308198989215, -0.01698527958431781, 0.5771300570157413, -0.510643091789361, -0.29325363176163427]
[-0.6331680019569048, -0.15795252350732575, 0.23017608360377956, -0.7724806949372973, -0.015395438952365809, 0.576974946372591, -0.4986933050378915, -0.2955589420544464]
[-0.6183967072510659, -0.16009617799958126, 0.2317054067689674, -0.7581592422505941, -0.013842103455243338, 0.5767795719707178, -0.48674351828642204, -0.2978642523472585]
[-0.6036304737040735, -0.16229444212137553, 0.2332199498525003, -0.7437671440571177, -0.012326661279386197, 0.5765439634776636, -0.4747937315349526, -0.3001695626400706]
[-0.5888703487089825, -0.1645471844010975, 0.23471961624433038, -0.7293051099046511, -0.010850487535238151, 0.5762681533813524, -0.4628439447834831, -0.3024748729328827]
[-0.5741173768682518, -0.1668542533096887, 0.23620431028336786, -0.7147738764188027, -0.009414943718023289, 0.5759521769867302, -0.45089415803201366, -0.30478018322569483]
[-0.5593725996097749, -0.1692154773180689, 0.23767393726358302, -0.700174207040712, -0.008021377173367372, 0.575596072412206, -0.4389443712805442, -0.30708549351850695]
[-0.5446370548040811, -0.17163066496191134, 0.23912840344004752, -0.6855068917542005, -0.006671120567978056, 0.5751998805858962, -0.42699458452907474, -0.30939080381131906]
[-0.5299117763828505, -0.17409960491374396, 0.240567616034914, -0.6707727468024723, -0.005365491365593944, 0.5747636452416693, -0.4150447977776053, -0.3116961141041312]
[-0.5151977939588814, -0.17662206606234956, 0.24199148324333442, -0.6559726143944581, -0.004105791308406659, 0.5742874129149951, -0.4030950110261358, -0.3140014243969433]
[-0.5004961324476511, -0.1791977975994361, 0.24339991423931584, -0.641107362400916, -0.002893305904162563, 0.5737712329385959, -0.39114522427466636, -0.31630673468975534]
[-0.48580781169060694, -0.18182652911354544, 0.24479281918151458, -0.6261778840403947, -0.0017293039191456083, 0.5732151574379021, -0.3791954375231969, -0.31861204498256745]
[-0.47113384608032854, -0.18450797069116512, 0.24617010921896632, -0.6111850975551726, -0.0006150368772416537, 0.57261924132631, -0.36724565077172744, -0.32091735527537957]
[-0.4564752441876979, -0.18724181302500725, 0.24753169649675455, -0.5961299458772954, 0.00044826143471712876, 0.5719835423002462, -0.355295864020258, -0.3232226655681916]
[-0.44183300839121364, -0.19002772752941377, 0.2488774941616139, -0.5810133962848276, 0.001459375455132167, 0.5713081208340333, -0.3433460772687885, -0.3255279758610037]
[-0.4272081345085865, -0.19286536646284602, 0.2502074163674709, -0.5658364400484479, 0.0024171083291488205, 0.5705930401745649, -0.33139629051731906, -0.3278332861538158]
[-0.4126016114307518, -0.19575436305741328, 0.2515213782809198, -0.5506000920685178, 0.003320282383307366, 0.5698383663357824, -0.3194465037658496, -0.3301385964466279]
[-0.39801442075843185, -0.19869433165539332, 0.2528192960866339, -0.535305390502754, 0.0041677395931438155, 0.5690441680929597, -0.30749671701438014, -0.33244390673943996]
[-0.38344753644138363, -0.2016848678526943, 0.2541010869927119, -0.5199533963846444, 0.004958342043556552, 0.5682105169767939, -0.2955469302629107, -0.334749217032252]
[-0.368901924420463, -0.204725548649205, 0.2553666692359592, -0.5045451932327474, 0.005690972381754922, 0.5673374872673032, -0.2835971435114412, -0.33705452732506413]
[-0.3543785422726376, -0.20781593260597883, 0.2566159620871036, -0.4890818866510175, 0.006364534262608745, 0.5664251559875324, -0.27164735675997176, -0.3393598376178762]
[-0.3398783388590788, -0.21095556000919335, 0.2578488858559443, -0.4735646039203083, 0.0069779527862215696, 0.5654736028970647, -0.2596975700085023, -0.34166514791068825]
[-0.3254022539764617, -0.21414395304082526, 0.2590653618964358, -0.4579944935812008, 0.007530174927552452, 0.564482910485345, -0.24774778325703284, -0.34397045820350036]
[-0.3109512180116018, -0.21738061595597774, 0.26026531261170427, -0.44237272500831404, 0.008020169957914464, 0.5634531639648099, -0.23579799650556338, -0.3462757684963125]
[-0.2965261515995548, -0.22066503526679568, 0.2614486614589974, -0.4267004879762557, 0.008446929858181323, 0.5623844512638274, -0.22384820975409392, -0.34858107878912453]
[-0.28212796528530554, -0.22399667993290054, 0.2626153329545671, -0.4109789922173746, 0.008809469723535551, 0.561276863019449, -0.21189842300262446, -0.3508863890819366]
[-0.26775755918917, -0.22737500155827517, 0.263765252678484, -0.39520946697147974, 0.009106828159596042, 0.5601304925699689, -0.199948636251155, -0.3531916993747487]
[-0.2534158226760338, -0.23079943459452584, 0.2648983472793851, -0.37939316052769384, 0.009338067669766331, 0.5589454359472985, -0.18799884949968554, -0.3554970096675608]
[-0.23910363402854828, -0.2342693965504474, 0.26601454447915246, -0.36353133975861385, 0.009502275033645702, 0.55772179186915, -0.17604906274821608, -0.35780231996037287]
[-0.22482186012440447, -0.2377842882078144, 0.26711377307752365, -0.34762528964695083, 0.009598561676351092, 0.5564596617310338, -0.16409927599674662, -0.36010763025318493]
[-0.21057135611780342, -0.24134349384331813, 0.2681959629566336, -0.3316763128048288, 0.009626064028601472, 0.5551591495980683, -0.15214948924527716, -0.36241294054599704]
[-0.19635296512524025, -0.2449463814565687, 0.2692610450854874, -0.3156857289859218, 0.009583943877417372, 0.5538203621966058, -0.1401997024938077, -0.3647182508388091]
[-0.18216751791571695, -0.24859230300407859, 0.2703089515243634, -0.2996548745906123, 0.009471388707293138, 0.5524434089056696, -0.12824991574233824, -0.36702356113162116]
[-0.16801583260549813, -0.252280594639141, 0.27133961542914703, -0.2835851021643584, 0.009287612031704029, 0.5510284017482086, -0.11630012899086879, -0.36932887142443327]
[-0.15389871435752142, -0.25601057695751506, 0.272352971055595, -0.2674777798894571, 0.009031853714812133, 0.5495754553821677, -0.10435034223939935, -0.3716341817172454]
[-0.13981695508557368, -0.2597815552488276, 0.27334895376352847, -0.2513342910703963, 0.008703380283240969, 0.5480846870913743, -0.0924005554879299, -0.37393949201005744]
[-0.12577133316334105, -0.26359281975359994, 0.27432750002095674, -0.23515603361298973, 0.008301485227787786, 0.5465562167762409, -0.08045076873646045, -0.3762448023028695]
[-0.11176261313844, -0.2674436459258031, 0.27528854740812975, -0.21894441949749116, 0.007825489294954413, 0.544990166944289, -0.06850098198499101, -0.3785501125956816]
[-0.09779154545153476, -0.2713332947008476, 0.27623203462151963, -0.2027008742458874, 0.007274740768171861, 0.5433866627004882, -0.05655119523352156, -0.3808554228884937]
[-0.08385886616064361, -0.275261012768907, 0.27715790147773123, -0.18642683638357152, 0.006648615738606423, 0.5417458317374171, -0.044601408482052116, -0.3831607331813058]
[-0.06996529667073623, -0.2792260328534769, 0.2780660889173411, -0.1701237568956005, 0.005946518365431086, 0.5400678043252437, -0.03265162173058267, -0.38546604347411784]
[-0.05611154346872084, -0.2832275739950645, 0.27895653900866474, -0.153793098677744, 0.005167881125458296, 0.5383527133015272, -0.02070183497911322, -0.38777135376692995]
[-0.04229829786391861, -0.2872648418399071, 0.2798291949514521, -0.1374363359825306, 0.004312165052026085, 0.5366006940608414, -0.008752048227643769, -0.39007666405974206]
[-0.028526235734120955, -0.29133702893361135, 0.2806840010805105, -0.1210549538605051, 0.0033788599630399374, 0.5348118845442202, 0.003197738523825681, -0.3923819743525541]
[-0.01479601727732278, -0.2954433150196068, 0.28152090286925563, -0.10465044759690609, 0.0023674846780729064, 0.5329864252284284, 0.01514752527529513, -0.3946872846453662]
[-0.0011082867692230047, -0.2995828673423029, 0.2823398469331899, -0.08822432214398077, 0.0012775872244328301, 0.5311244591150552, 0.02709731202676458, -0.3969925949381783]
[0.012536327673418553, -0.3037548409548387, 0.2831407810333072, -0.0717780915491514, 0.00010874503210950293, 0.5292261317194324, 0.03904709877823403, -0.39929790523099035]
[0.026137214323480894, -0.3079583790313123, 0.28392365407942555, -0.05531327837925281, -0.0011394348824831924, 0.5272915910593812, 0.050996885529703474, -0.40160321552380246]
[0.03969377806815362, -0.3121926131833746, 0.2846884161334458, -0.03883141314105899, -0.002467315744047849, 0.5253209876437822, 0.06294667228117293, -0.4039085258166145]
[0.05320544062749785, -0.3164566637810717, 0.28543501841253754, -0.022334033698321834, -0.003875230857301737, 0.5233144744609772, 0.07489645903264237, -0.40621383610942663]
[0.06667164076681632, -0.32074964027781744, 0.28616341329225037, -0.005822684685543339, -0.005363483457304308, 0.5212722069669959, 0.08684624578411182, -0.4085191464022387]
[0.08009183450275449, -0.3250706415393775, 0.28687355430955186, 0.010701083081294305, -0.006932346571279002, 0.5191943430736148, 0.09879603253558127, -0.41082445669505074]
[0.09346549530305676, -0.32941875617674277, 0.2875653961657917, 0.027235713196813977, -0.008582062891990594, 0.5170810431362445, 0.11074581928705071, -0.41312976698786286]
[0.10679211427990473, -0.33379306288277133, 0.2882388947295908, 0.04377964426091986, -0.010312844662737353, 0.5149324699416504, 0.12269560603852016, -0.4154350772806749]
[0.12007120037676625, -0.33819263077247386, 0.2888940070396567, 0.06033131047583437, -0.01212487357400871, 0.5127487886955047, 0.1346453927899896, -0.41774038757348697]
[0.13330228054868645, -0.34261651972681856, 0.28953069130752357, 0.07688914224526791, -0.014018300671858497, 0.5105301670097699, 0.14659517954145904, -0.4200456978662991]
[0.14648489993595498, -0.347063780739928, 0.29014890692021844, 0.09345156677549177, -0.01599324627803539, 0.5082767748899213, 0.15854496629292847, -0.4223510081591112]
[0.15961862203108518, -0.3515334562695418, 0.2907486144428511, 0.11001700867808281, -0.018049799921913356, 0.5059887847219979, 0.1704947530443979, -0.42465631845192325]
[0.17270302883904395, -0.35602458059061504, 0.29132977562113027, 0.1265838905741079, -0.02018802028425326, 0.5036663712594968, 0.18244453979586733, -0.4269616287447353]
[0.18573772103067362, -0.36053618015192324, 0.2918923533838032, 0.14315063369951625, -0.022407935152827962, 0.5013097116100979, 0.19439432654733677, -0.4292669390375474]
[0.19872231808924926, -0.36506727393554217, 0.29243631184502084, 0.15971565851150707, -0.02470954138993664, 0.4989189852222322, 0.2063441132988062, -0.43157224933035954]
[0.21165645845011757, -0.3696168738190711, 0.2929616163066267, 0.17627738529563722, -0.02709280491182764, 0.4964943738714863, 0.21829390005027566, -0.4338775596231716]
[0.2245397996333663, -0.3741839849404664, 0.29346823326037, 0.19283423477343734, -0.02955766068005017, 0.4940360616468471, 0.2302436868017451, -0.43618286991598365]
[0.23737201836947494, -0.3787676060653502, 0.29395613039004376, 0.20938462871029936, -0.03210401270474106, 0.49154423493678945, 0.24219347355321452, -0.43848818020879576]
[0.2501528107179013, -0.3833667299566606, 0.2944252765735453, 0.22592699052340334, -0.034731734059859465, 0.4890190824152044, 0.254143260304684, -0.4407934905016079]
[0.2628818921785592, -0.3879803437465068, 0.2948756418848621, 0.24245974588944597, -0.03744066691036907, 0.48646079502717166, 0.26609304705615344, -0.44309880079441993]
[0.2755589977961479, -0.39260742931009274, 0.2953071975959807, 0.25898132335193935, -0.0402306225513665, 0.4838695659745762, 0.2780428338076229, -0.445404111087232]
[0.2881838822572935, -0.3972469636415717, 0.2957199161787188, 0.2754901549278409, -0.04310138145914988, 0.48124559070157036, 0.28999262055909236, -0.4477094213800441]
[0.3007563199804674, -0.40189791923169355, 0.2961137713064817, 0.2919846767132838, -0.04605269335421547, 0.47858906687988223, 0.3019424073105618, -0.4500147316728562]
[0.31327610519864835, -0.4065592644471064, 0.2964887378559413, 0.30846332948816946, -0.04908427727616771, 0.4759001943939725, 0.3138921940620313, -0.4523200419656683]
[0.32574305203469844, -0.41122996391117306, 0.2968447919086389, 0.3249245593193912, -0.05219582167052178, 0.47317917532603937, 0.32584198081350074, -0.4546253522584804]
[0.33815699456942416, -0.41590897888616163, 0.29718191075251055, 0.3413668181624516, -0.05538698448737278, 0.47042621394087314, 0.3377917675649702, -0.45693066255129244]
[0.35051778690229896, -0.4205952676566711, 0.2975000728833364, 0.3577885644612433, -0.05865739329190339, 0.46764151667056303, 0.34974155431643966, -0.45923597284410456]
[0.36282530320482337, -0.42528778591414973, 0.297799258006112, 0.3741882637457575, -0.06200664538669515, 0.4648252920990551, 0.3616913410679091, -0.4615412831369166]
[0.3750794377665049, -0.42998548714236606, 0.2980794470363428, 0.3905643892274896, -0.06543430794580396, 0.4619777509465635, 0.3736411278193785, -0.4638465934297287]
[0.387280105033439, -0.43468732300368956, 0.29834062210126194, 0.40691542239230943, -0.06893991816055739, 0.45909910605383725, 0.385590914570848, -0.4661519037225408]
[0.39942723963947846, -0.43939224372604074, 0.29858276654096977, 0.4232398535905653, -0.07252298339702501, 0.4561895723662811, 0.39754070132231745, -0.4684572140153529]
[0.41152079642997846, -0.4440991984903664, 0.29880586490949723, 0.43953618262419275, -0.07618298136511015, 0.45324936691793527, 0.4094904880737869, -0.47076252430816495]
[0.4235607504781099, -0.4488071358184997, 0.29900990297579033, 0.45580291933059724, -0.07991936029920549, 0.45027870881531074, 0.42144027482525637, -0.47306783460097707]
[0.43554709709373385, -0.45351500396126065, 0.2991948677246187, 0.4720385841630858, -0.08373153915034987, 0.44727781922108645, 0.43339006157672577, -0.4753731448937892]
[0.4474798518248344, -0.45822175128665604, 0.29936074735740525, 0.48824170876761747, -0.08761890778982306, 0.44424692133766475, 0.4453398483281952, -0.47767845518660124]
[0.4593590504515095, -0.4629263266680348, 0.2995075312929791, 0.5044108365556506, -0.09158082722410543, 0.44118624039058973, 0.4572896350796646, -0.4799837654794133]
[0.4608970278668089, -0.4635367593472638, 0.2995251829651149, 0.506506996284158, -0.09210051010554793, 0.44078679675390875, 0.4588406989350915, -0.4802829911932349]
[0.4608970278668089, -0.4635367593472638, 0.2995251829651149, 0.506506996284158, -0.09210051010554793, 0.44078679675390875, 0.4588406989350915, -0.4802829911932349]
[0.47069729761520307, -0.4600885247903984, 0.29923600633171854, 0.5156277999071699, -0.08971827323005493, 0.443482762700517, 0.468120521988241, -0.4813293520344585]
[0.4804838703804403, -0.4566435971073329, 0.29887848716421145, 0.5247352822877085, -0.08736417537194735, 0.446101179800206, 0.4774003450413905, -0.48237571287568204]
[0.4902566426987651, -0.45320303262881473, 0.2984527071164234, 0.5338294542373367, -0.08503920430127815, 0.4486419397725506, 0.48668016809454, -0.4834220737169056]
[0.5000155173111137, -0.44976788699130493, 0.29795876343229166, 0.5429103325392477, -0.08274434523285423, 0.4511049505269335, 0.4959599911476895, -0.48446843455812916]
[0.5097604031827182, -0.44633921487998995, 0.2973967689236516, 0.5519779399554097, -0.08048058057429053, 0.4534901361524193, 0.505239814200839, -0.4855147953993527]
[0.5194912155205533, -0.4429180697719555, 0.29676685194447155, 0.5610323052315822, -0.07824888967437804, 0.45579743690403474, 0.5145196372539884, -0.4865611562405763]
[0.5292078757886205, -0.43950550367958563, 0.296069156361538, 0.5700734631002016, -0.07605024857182685, 0.4580268091854586, 0.5237994603071379, -0.48760751708179983]
[0.5389103117210685, -0.4361025668942515, 0.29530384152159794, 0.5791014542811357, -0.07388562974444984, 0.4601782255281288, 0.5330792833602873, -0.4886538779230234]
[0.5485984573331475, -0.43271030773035507, 0.29447108221496543, 0.588116325480305, -0.07175600185884895, 0.4622516745667721, 0.5423591064134368, -0.48970023876424695]
[0.5582722529299954, -0.42932977226979085, 0.29357106863560156, 0.5971181293861716, -0.06966232952067108, 0.46424716101136515, 0.5516389294665862, -0.4907465996054705]
[0.5679316451132561, -0.42596200410689034, 0.29260400633767575, 0.6061069246640962, -0.06760557302549336, 0.4661647056155341, 0.5609187525197357, -0.49179296044669407]
[0.5775765867855294, -0.42260804409391295, 0.29157011618861933, 0.6150827759485631, -0.06558668811040363, 0.46800434514140243, 0.5701985755728851, -0.49283932128791763]
[0.5872070371526529, -0.41926893008714816, 0.29046963431868156, 0.6240457538332771, -0.06360662570634079, 0.4697661323208975, 0.5794783986260346, -0.4938856821291412]
[0.5968229617238183, -0.41594569669369147, 0.289302812067, 0.6329959348591332, -0.06166633169125446, 0.47145013581352607, 0.588758221679184, -0.49493204297036475]
[0.606424332309523, -0.4126393750189584, 0.2880699159241969, 0.6419334015000624, -0.05976674664415066, 0.47305644016062975, 0.5980380447323335, -0.4959784038115883]
[0.6160111270173599, -0.4093509924150003, 0.28677122747151557, 0.6508582421467597, -0.057908805600085156, 0.4745851457361338, 0.6073178677854829, -0.49702476465281187]
[0.6255833302456502, -0.4060815722296841, 0.28540704331650985, 0.659770551088295, -0.05609343780616599, 0.47603636869380234, 0.6165976908386324, -0.4980711254940354]
[0.6351409326749207, -0.40283213355680086, 0.283977675025302, 0.6686704284916157, -0.0543215664786299, 0.47741024091101303, 0.6258775138917818, -0.499117486335259]
[0.6446839312572329, -0.39960369098716364, 0.28248344905142425, 0.6775579803789453, -0.05259410856105329, 0.47870690992906695, 0.6351573369449313, -0.5001638471764825]
[0.6542123292033672, -0.3963972543607596, 0.2809247066612597, 0.6864333186030835, -0.05091197448376067, 0.47992653889004855, 0.6444371599980807, -0.5012102080177061]
[0.6637261359678702, -0.3932138285200167, 0.27930180385610065, 0.6952965608206181, -0.04927606792449096, 0.48106930647025264, 0.6537169830512302, -0.5022565688589297]
[0.6732253672319698, -0.3900544130642483, 0.2776151112908415, 0.7041478304630526, -0.04768728557038521, 0.4821354068101939, 0.6629968061043796, -0.5033029297001532]
[0.6827100448843675, -0.38692000210533717, 0.2758650141893248, 0.7129872567058627, -0.04614651688135485, 0.4831250494412195, 0.6722766291575291, -0.5043492905413768]
[0.6921801969999141, -0.3838115840247198, 0.27405191225635983, 0.7218149744354851, -0.044654643854892595, 0.48403845920874067, 0.6815564522106785, -0.5053956513826003]
[0.7016358578161792, -0.3807301412317329, 0.2721762195864341, 0.7306311242142551, -0.043212540792385845, 0.48487587619210415, 0.690836275263828, -0.5064420122238239]
[0.7110770677079226, -0.3776766499233829, 0.2702383645691384, 0.7394358522432969, -0.041821074066994146, 0.48563755562112393, 0.7001160983169774, -0.5074883730650475]
[0.7205038731594778, -0.37465207984559784, 0.2682387897913267, 0.7482293103233832, -0.04048110189314741, 0.48632376778929254, 0.7093959213701269, -0.508534733906271]
[0.7299163267350595, -0.37165739405602305, 0.26617795193603355, 0.7570116558137724, -0.03919347409772761, 0.48693479796369443, 0.7186757444232763, -0.5095810947474946]
[0.7393144870470045, -0.36869354868841986, 0.2640563216781726, 0.7657830515890378, -0.03795903189299199, 0.48747094629164567, 0.7279555674764258, -0.5106274555887181]
[0.7486984187219591, -0.36576149271872627, 0.2618743835770389, 0.7745436659938995, -0.03677860765129487, 0.4879325277040788, 0.7372353905295752, -0.5116738164299417]
[0.7580681923650261, -0.3628621677328391, 0.2596326359656402, 0.7832936727960765, -0.035653024681668755, 0.48831987181570125, 0.7465152135827247, -0.5127201772711653]
[0.7674238845218827, -0.35999650769617586, 0.25733159083688306, 0.792033251137169, -0.03458309700832046, 0.4886333228219497, 0.7557950366358741, -0.5137665381123888]
[0.7767655776388857, -0.3571654387250739, 0.2549717737266385, 0.8007625854815896, -0.03356962915110023, 0.4888732393927643, 0.7650748596890236, -0.5148128989536124]
[0.7860933600211757, -0.3543698788600852, 0.2525537235937146, 0.8094818655635554, -0.03261341590800132, 0.4890399945632117, 0.774354682742173, -0.5158592597948359]
[0.7954073257887984, -0.35161073784122393, 0.25007799269676406, 0.8181912863321609, -0.031715242139746025, 0.48913397562098254, 0.7836345057953225, -0.5169056206360595]
[0.8047075748308559, -0.3488889168852223, 0.24754514646815368, 0.8268910478945455, -0.030875882556512968, 0.48915558399078995, 0.7929143288484719, -0.517951981477283]
[0.813994212757706, -0.34620530846485187, 0.24495576338482508, 0.8355813554571745, -0.03009610150686276, 0.48910523511569737, 0.8021941519016214, -0.5189983423185066]
[0.823267350851226, -0.34356079609036594, 0.24231043483617642, 0.8442624192652506, -0.029376652768915656, 0.4889833583354062, 0.8114739749547708, -0.5200447031597302]
[0.8325271060131589, -0.34095625409311736, 0.239609764988995, 0.8529344545402762, -0.028718279343835806, 0.48879039676153024, 0.8207537980079203, -0.5210910640009537]
[0.8417736007115585, -0.33839254741140656, 0.23685437064947135, 0.861597681415783, -0.028121713251675506, 0.4885268071498897, 0.8300336210610697, -0.5221374248421773]
[0.8510069629253549, -0.3358705313786149, 0.23404488112232705, 0.8702523248712518, -0.027587675329634354, 0.4881930597698535, 0.8393134441142192, -0.5231837856834008]
[0.8602273260870573, -0.33339105151367415, 0.2311819380670876, 0.87889861466424, -0.027116875032781873, 0.48778963827076216, 0.8485932671673686, -0.5242301465246244]
[0.8694348290236144, -0.33095494331392816, 0.2282661953515338, 0.8875367852607391, -0.02671001023730113, 0.4873170395454641, 0.857873090220518, -0.525276507365848]
[0.8786296158954541, -0.328563032050436, 0.22529831890236499, 0.8961670757637838, -0.026367767046299007, 0.486775773590998, 0.8671529132736675, -0.5263228682070715]
[0.8878118361337222, -0.32621613256577053, 0.22227898655310777, 0.9047897298403343, -0.026090819598239057, 0.4861663633664527, 0.876432736326817, -0.5273692290482951]
[0.8969816443757417, -0.3239150490743613, 0.2192088878893056, 0.9134049956464533, -0.02587982987804266, 0.4854893446480417, 0.8857125593799664, -0.5284155898895186]
[0.9061392003987162, -0.32166057496543393, 0.2160887240910245, 0.9220131257508043, -0.025735447530911004, 0.48474526588142586, 0.8949923824331159, -0.5294619507307422]
[0.9152846690516978, -0.31945349260859446, 0.21291920777271028, 0.9306143770564895, -0.02565830967891486, 0.4839346880313182, 0.9042722054862653, -0.5305083115719658]
[0.9244182201858449, -0.31729457316210796, 0.20970106282043446, 0.9392090107212571, -0.025649040740401363, 0.48305818442840875, 0.9135520285394149, -0.5315546724131893]
[0.9335400285829917, -0.3151845763839203, 0.2064350242265661, 0.9477972920760974, -0.025708252252264585, 0.4821163406136453, 0.9228318515925644, -0.5326010332544129]
[0.9426502738825558, -0.3131242504454699, 0.20312183792190647, 0.9563794905422583, -0.025836542695127473, 0.4811097541799064, 0.9321116746457139, -0.5336473940956364]
[0.9517491405068064, -0.3111143317483368, 0.19976226060532631, 0.9649558795467007, -0.026034497321478833, 0.4800390346111069, 0.9413914976988634, -0.53469375493686]
[0.9608368175845196, -0.3091555447437753, 0.19635705957094288, 0.973526736436024, -0.026302687986814344, 0.4789048031187694, 0.950671320752013, -0.5357401157780836]
[0.9699134988730461, -0.3072486017551761, 0.19290701253287793, 0.9820923423888855, -0.026641672983823028, 0.4777076924761068, 0.9599511438051624, -0.5367864766193071]
[0.9789793826788193, -0.30539420280350116, 0.18941290744763525, 0.990652982326944, -0.027051996879664142, 0.4764483468496499, 0.9692309668583119, -0.5378328374605307]
[0.9880346717763265, -0.3035930354357379, 0.18587554233413958, 0.9992089448243514, -0.027534190356378163, 0.4751274216284638, 0.9785107899114615, -0.5388791983017542]
[0.997079573325575, -0.3018457745564127, 0.18229572509147657, 1.0077605220158246, -0.028088770054472245, 0.4737455832509906, 0.987790612964611, -0.5399255591429778]
[1.0061142987880771, -0.3001530822622096, 0.17867427331437688, 1.0163080095033212, -0.028716238419723872, 0.4723035090295623, 0.9970704360177605, -0.5409719199842014]
[1.0151390638413857, -0.298515607679733, 0.17501201410648579, 1.0248517062613556, -0.029417083553241852, 0.4708018869726237, 1.00635025907091, -0.5420182808254249]
[1.0241540882922051, -0.29693398680645744, 0.17130978389146065, 1.0333919145409753, -0.030191779064825508, 0.46924141560470733, 1.0156300821240594, -0.5430646416666485]
[1.0331595959881092, -0.29540884235490306, 0.16756842822194015, 1.041928939772437, -0.031040783929660365, 0.4676228037842035, 1.0249099051772088, -0.544111002507872]
[1.0421558147278944, -0.29394078360007647, 0.16378880158642856, 1.0504630904666028, -0.03196454234838847, 0.4659467705189696, 1.0341897282303583, -0.5451573633490956]
[1.0511429761705993, -0.2925304062302162, 0.15997176721413894, 1.0589946781150996, -0.03296348361059176, 0.46421404477981953, 1.0434695512835077, -0.5462037241903192]
[1.0601213157432194, -0.29117829220087943, 0.15611819687784018, 1.0675240170892601, -0.03403802196172484, 0.46242536531193984, 1.0527493743366572, -0.5472500850315427]
[1.0690910725471479, -0.2898850095924069, 0.15222897069475272, 1.0760514245378845, -0.03518855647353136, 0.4605814804442755, 1.0620291973898066, -0.5482964458727663]
[1.0780524892633754, -0.28865111247080244, 0.14830497692553857, 1.0845772202838548, -0.03641547091798131, 0.4586831478969314, 1.071309020442956, -0.5493428067139898]
[1.087005812056477, -0.2874771407520618, 0.14434711177143142, 1.09310172671963, -0.03771913364476048, 0.4567311345866337, 1.0805888434961055, -0.5503891675552134]
[1.0959512904774218, -0.2863636200699849, 0.14035627916955298, 1.1016252687016572, -0.03909989746234821, 0.45472621643029776, 1.089868666549255, -0.551435528396437]
[1.104889177365235, -0.28531106164750497, 0.13633339058646302, 1.1101481734437353, -0.04055809952271247, 0.4526691781467487, 1.0991484896024044, -0.5524818892376605]
[1.1138197287475444, -0.2843199621715672, 0.13227936480998911, 1.1186707704093546, -0.04209406120965642, 0.45056081305664075, 1.1084283126555539, -0.5535282500788841]
[1.122743203740048, -0.28339080367158753, 0.1281951277393849, 1.1271933912030576, -0.04370808803084472, 0.4484019228806231, 1.1177081357087033, -0.5545746109201076]
[1.131659864444931, -0.28252405340152387, 0.12408161217386378, 1.1357163694608483, -0.04540046951354032, 0.44619331753579916, 1.126987958761853, -0.5556209717613312]
[1.140569975848269, -0.2817201637255872, 0.1199397575995567, 1.1442400407396836, -0.04717147910407987, 0.4439358149305272, 1.1362677818150024, -0.5566673326025547]
[1.1494738057164522, -0.28097957200762363, 0.11577050997494308, 1.1527647424060883, -0.0490213740711154, 0.4416302407576105, 1.145547604868152, -0.5577136934437783]
[1.1583716244916586, -0.2803027005041931, 0.11157482151480312, 1.1612908135239182, -0.05095039541264865, 0.43927742828592586, 1.1548274279213016, -0.5587600542850019]
[1.167263705186422, -0.2796899562613738, 0.10735365047274147, 1.169818594741319, -0.05295876776688496, 0.43687821815053834, 1.1641072509744512, -0.5598064151262255]
[1.1761503232773143, -0.27914173101531575, 0.10310796092233158, 1.1783484281769028, -0.055046699326929266, 0.43443345814135265, 1.1733870740276007, -0.5608527759674491]
[1.1850317565977933, -0.2786584010965718, 0.09883872253693086, 1.1868806573051907, -0.057214381759351285, 0.4319440029903498, 1.1826668970807503, -0.5618991368086728]
[1.1923240780199633, -0.27831015762305994, 0.09531465584793267, 1.1938918281429265, -0.05905490062598601, 0.42986610845081563, 1.1902901735156775, -0.5627587111666799]
[1.1923240780199633, -0.27831015762305994, 0.09531465584793267, 1.1938918281429265, -0.05905490062598601, 0.42986610845081563, 1.1902901735156775, -0.5627587111666799]
[1.1881472897267233, -0.26491072778219865, 0.09888446955671724, 1.1896028945727959, -0.05615856073364239, 0.44008882762833357, 1.1861723751711575, -0.5481384831187561]
[1.1839706303417306, -0.25155610668904504, 0.1024386431912012, 1.1853164469039845, -0.05350875246234166, 0.44996624534904917, 1.1820545768266375, -0.5335182550708324]
[1.1797941250398554, -0.23824609415835113, 0.10597661460507411, 1.18103268613747, -0.05109493242806021, 0.4594916901385087, 1.1779367784821175, -0.5188980270229085]
[1.175617798899305, -0.22498048294183753, 0.10949782421465172, 1.176751807026923, -0.048906365223175347, 0.4686588174964406, 1.1738189801375976, -0.5042777989749848]
[1.1714416768951554, -0.21175905876100137, 0.11300171508738269, 1.1724739978444723, -0.046932133623156125, 0.4774616155744743, 1.1697011817930776, -0.489657570927061]
[1.1672657838929137, -0.198581600341039, 0.11648773302993576, 1.168199440156305, -0.0451611489633153, 0.48589441053460325, 1.1655833834485576, -0.47503734287913724]
[1.163090144642109, -0.18544787944587726, 0.11995532667585389, 1.163928308608365, -0.043582161675622566, 0.4939518715832849, 1.1614655851040376, -0.46041711483121345]
[1.158914783769914, -0.17235766091430688, 0.12340394757276121, 1.1596607707224103, -0.04218377197541892, 0.5016290156763875, 1.1573477867595177, -0.44579688678328966]
[1.1547397257748018, -0.15931070269721448, 0.12683305026910904, 1.1553969867026739, -0.04095444068773968, 0.5089212118905041, 1.1532299884149977, -0.43117665873536587]
[1.150564995020231, -0.14630675589590542, 0.13024209240044726, 1.1511371092533527, -0.03988250020280691, 0.5158241854564841, 1.1491121900704777, -0.4165564306874421]
[1.1463906157283714, -0.13334556480151188, 0.13363053477520748, 1.1468812834071445, -0.038956165550136146, 0.5223340214513542, 1.1449943917259577, -0.4019362026395183]
[1.1422166119738626, -0.12042686693548027, 0.13699784145998434, 1.142629646365031, -0.03816354558058657, 0.528447168145129, 1.1408765933814378, -0.3873159745915945]
[1.1380430076776133, -0.10755039309113174, 0.14034347986430157, 1.1383823273474944, -0.037492654245579446, 0.5341604399993496, 1.1367587950369178, -0.3726957465436707]
[1.1338698266006366, -0.0947158673762879, 0.14366692082484905, 1.1341394474573376, -0.03693142196261594, 0.5394710203145183, 1.1326409966923978, -0.3580755184957469]
[1.129697092337929, -0.08192300725695717, 0.14696763868917814, 1.129901119554266, -0.03646770705614642, 0.5443764635239435, 1.1285231983478778, -0.34345529044782314]
[1.1255248283123895, -0.0691715236020723, 0.15024511139884147, 1.1256674481413698, -0.03608930726276599, 0.5488746971318421, 1.1244054000033579, -0.32883506239989935]
[1.1213530577687827, -0.056461120729274006, 0.15349882057196448, 1.1214385292636335, -0.035783971289654715, 0.5529640232938978, 1.120287601658838, -0.31421483435197556]
[1.1171818037677457, -0.04379149645173297, 0.15672825158523518, 1.1172144504185841, -0.03553941041512778, 0.5566431200388108, 1.116169803314318, -0.29959460630405177]
[1.1130110891798426, -0.031162342126001608, 0.15993289365529986, 1.1129952904791702, -0.035343310120119806, 0.55991104212973, 1.112052004969798, -0.284974378256128]
[1.1088409366796643, -0.01857334270088984, 0.163112239919551, 1.10878111962895, -0.03518334173940267, 0.562767221564796, 1.1079342066252782, -0.2703541502082042]
[1.1046713687399776, -0.006024176767355616, 0.1662657875162953, 1.1045719993096552, -0.035047174121312405, 0.5652114677163804, 1.1038164082807584, -0.2557339221602804]
[1.1005024076259242, 0.006485483390596458, 0.1693930376642889, 1.1003679821811732, -0.034922485284759136, 0.5672439671089499, 1.0996986099362385, -0.2411136941123566]
[1.0963340753892719, 0.01895597174401792, 0.17249349574162717, 1.0961691120939827, -0.03479697406229102, 0.568865282835834, 1.0955808115917187, -0.22649346606443282]
[1.092166393862715, 0.031387628466127554, 0.1755666713639766, 1.0919754240740531, -0.03465837171800412, 0.5700763536155248, 1.0914630132471987, -0.21187323801650904]
[1.087999384654232, 0.04378079987843958, 0.1786120784621366, 1.0877869443202106, -0.03449445352911108, 0.570878492488482, 1.087345214902679, -0.19725300996858525]
[1.0838330691414948, 0.056135838395918014, 0.18162923535891853, 1.0836036902139525, -0.03429305032001617, 0.5712733851557669, 1.083227416558159, -0.18263278192066146]
[1.0796674684663372, 0.06845310247116526, 0.18461766484533046, 1.0794256703416785, -0.034042059937796465, 0.5712630879611712, 1.0791096182136393, -0.16801255387273767]
[1.0755026035292774, 0.08073295653765414, 0.1875768942560547, 1.0752528845292864, -0.03372945865804036, 0.5708500255188521, 1.0749918198691193, -0.15339232582481388]
[1.071338494984102, 0.09297577095201187, 0.19050645554420725, 1.0710853238890727, -0.033343312510066725, 0.5700369879888276, 1.0708740215245995, -0.1387720977768901]
[1.0671751632325068, 0.10518192193536595, 0.19340588535536637, 1.0669229708788537, -0.03287178851062479, 0.5688271280030239, 1.0667562231800796, -0.12415186972896632]
[1.0630126284188017, 0.11735179151376027, 0.19627472510085894, 1.062765799373215, -0.03230316579526399, 0.5672239572449037, 1.0626384248355598, -0.10953164168104254]
[1.0588509104246737, 0.12948576745765183, 0.1991125210302935, 1.0586137747467723, -0.03162584663666482, 0.5652313426860427, 1.05852062649104, -0.09491141363311877]
[1.0546900288640162, 0.14158424322049723, 0.20191882430332753, 1.0544668539693256, -0.03082836733932731, 0.5628535024833449, 1.05440282814652, -0.080291185585195]
[1.0505300030778226, 0.1536476178764382, 0.2046931910606584, 1.0503249857127566, -0.029899409000140015, 0.5600950015409214, 1.0502850298020003, -0.06567095753727123]
[1.046370852129142, 0.16567629605709677, 0.2074351824942263, 1.0461881104695148, -0.028827808124477466, 0.5569607467409766, 1.0461672314574804, -0.05105072948934747]
[1.0422125947981062, 0.1776706878874903, 0.21014436491661875, 1.0420561606825274, -0.02760256708761666, 0.5534559818483682, 1.0420494331129606, -0.03643050144142371]
[1.0380552495770197, 0.18963120892107527, 0.21282030982966424, 1.0379290608863319, -0.026212864431413407, 0.5495862820938165, 1.0379316347684406, -0.021810273393499956]
[1.033898834665522, 0.20155828007393126, 0.21546259399220624, 1.0338067278592495, -0.024648064986340534, 0.5453575484410572, 1.0338138364239209, -0.007190045345576202]
[1.0297433679658172, 0.2134523275580957, 0.21807079948704497, 1.0296890707863682, -0.022897729809153583, 0.5407760015435261, 1.029696038079401, 0.007430182702347545]
[1.0255888670779776, 0.22531378281405842, 0.22064451378703712, 1.025575991433119, -0.020951625926639766, 0.5358481753964712, 1.0255782397348812, 0.0220504107502713]
[1.0214353492953137, 0.23714308244242874, 0.2231833298203437, 1.0214673843291928, -0.01879973587607961, 0.5305809106906811, 1.0214604413903612, 0.03667063879819504]
[1.017282831599824, 0.24894066813478433, 0.22568684603481415, 1.0173631369625555, -0.016432267033262116, 0.5249813478742975, 1.0173426430458414, 0.05129086684611879]
[1.0131313306577125, 0.260706986603714, 0.2281546664614984, 1.0132631299832788, -0.013839660719088154, 0.5190569199294746, 1.0132248447013215, 0.06591109489404254]
[1.0089808628149863, 0.27244248951206407, 0.23058640077727466, 1.0091672374169196, -0.011012601076021755, 0.5128153448709092, 1.0091070463568017, 0.0805313229419663]
[1.0048314440931236, 0.28414763340140115, 0.23298166436658566, 1.005075326887142, -0.007942023705863166, 0.5062646179735452, 1.0049892480122817, 0.09515155098989003]
[1.003938042775074, 0.2866643030271245, 0.23349265376236447, 1.004194678437075, -0.007248080728430972, 0.5048143167626934, 1.0041025170521813, 0.09829988603914677]
