[-1, 0.294030361697727, 0.2288060723395453, -1, 5.551115123125783e-17, 0.49999999999999994, -1, 0.1]
[-1, 0.294030361697727, 0.2288060723395453, -1, 5.551115123125783e-17, 0.49999999999999994, -1, 0.1]
[-0.9915121782685491, 0.29326281643691143, 0.22815915275733833, -1.0045821537860198, 0.0005677108272868492, 0.500480196549667, -1.0002016802715947, 0.09866607040041525]
[-0.982974084133281, 0.2921026561144223, 0.22750970680018226, -1.0089946127135585, 0.001325710409923686, 0.5009538508939368, -1.0004033605431897, 0.0973321408008305]
[-0.9744036093053314, 0.290546534339988, 0.2268577416593028, -1.0132291884448072, 0.002262616961259456, 0.5014209536620378, -1.0006050408147844, 0.09599821120124574]
[-0.9658188434759107, 0.2885919266796879, 0.22620326455382042, -1.0172783726735941, 0.003366700238835618, 0.5018814955705573, -1.0008067210863794, 0.09466428160166099]
[-0.9572380362707779, 0.2862371416350752, 0.2255462827306702, -1.0211353517541855, 0.004625919715503801, 0.5023354674236055, -1.001008401357974, 0.09333035200207623]
[-0.9486795586203427, 0.2834813298492319, 0.22488680346452164, -1.0247940192689302, 0.0060279633542238975, 0.5027828601129768, -1.001210081629569, 0.09199642240249148]
[-0.9401618636285308, 0.28032449150952676, 0.22422483405769794, -1.0282489865103925, 0.0075602868781163846, 0.5032236646183115, -1.0014117619011638, 0.09066249280290672]
[-0.9317034470250858, 0.27676748192076195, 0.22356038184009547, -1.0314955908592225, 0.0092101534263907, 0.5036578720072551, -1.0016134421727587, 0.08932856320332197]
[-0.923322807287318, 0.2728120152263944, 0.22289345416910228, -1.0345299020446388, 0.01096467348610497, 0.5040854734356176, -1.0018151224443534, 0.08799463360373722]
[-0.9150384055184794, 0.26846066625957754, 0.22222405842951684, -1.0373487262800654, 0.012810844989333214, 0.5045064601475305, -1.0020168027159484, 0.08666070400415246]
[-0.9068686251708923, 0.26371687050989134, 0.2215522020334663, -1.0399496082721125, 0.014735593465219354, 0.5049208234756032, -1.0022184829875431, 0.0853267744045677]
[-0.8988317317027446, 0.2585849221958031, 0.22087789242032407, -1.0423308311067576, 0.016725812136595908, 0.5053285548410776, -1.002420163259138, 0.08399284480498295]
[-0.8909458322580157, 0.2530699704371059, 0.22020113705662794, -1.0444914140222046, 0.01876840185131684, 0.505729645753983, -1.0026218435307328, 0.0826589152053982]
[-0.8832288354593878, 0.24717801352583058, 0.21952194343599704, -1.0464311080835036, 0.020850310739224248, 0.5061240878132878, -1.0028235238023278, 0.08132498560581344]
[-0.8756984114041435, 0.24091589129838342, 0.218840319079049, -1.0481503897795497, 0.022958573486707018, 0.5065118727070508, -1.0030252040739225, 0.07999105600622869]
[-0.8683719519530373, 0.23429127561593988, 0.21815627153331668, -1.0496504525685693, 0.02508035012213583, 0.5068929922125724, -1.0032268843455174, 0.07865712640664393]
[-0.8612665314018726, 0.22731265896439948, 0.2174698083731646, -1.0509331964035948, 0.02720296420705709, 0.5072674381965429, -1.0034285646171122, 0.07732319680705918]
[-0.8543988676250882, 0.2199893411894729, 0.2167809371997049, -1.0520012152747489, 0.02931394032989318, 0.5076352026151897, -1.0036302448887071, 0.07598926720747443]
[-0.8477852837800003, 0.21233141438672648, 0.21608966564071358, -1.0528577828103494, 0.03140104080103559, 0.5079962775144253, -1.0038319251603018, 0.07465533760788967]
[-0.8414416706595131, 0.2043497459706278, 0.21539600135054554, -1.0535068359839526, 0.03345230145060549, 0.5083506550299914, -1.0040336054318968, 0.07332140800830492]
[-0.8353834497800449, 0.19605595995082506, 0.21469995201005015, -1.0539529569793795, 0.03545606643280558, 0.5086983273876036, -1.0042352857034915, 0.07198747840872016]
[-0.8296255372901852, 0.18746241644803063, 0.21400152532648617, -1.054201353270611, 0.037401021943678225, 0.5090392869030936, -1.0044369659750865, 0.07065354880913541]
[-0.8241823087841338, 0.17858218948596233, 0.21330072903343628, -1.0542578359780577, 0.03927622876221698, 0.509373525982552, -1.0046386462466812, 0.06931961920955065]
[-0.81906756510235, 0.16942904309981288, 0.2125975708907215, -1.0541287965672326, 0.04107115352813642, 0.5097010371224675, -1.0048403265182762, 0.0679856896099659]
[-0.8142944991999868, 0.16001740580566148, 0.21189205868431543, -1.0538211819601266, 0.04277569867319192, 0.5100218129098666, -1.0050420067898709, 0.06665176001038114]
[-0.8098756641616793, 0.15036234347909738, 0.2111842002262577, -1.0533424681337318, 0.04438023092672988, 0.5103358460224517, -1.0052436870614658, 0.06531783041079639]
[-0.8058229424390378, 0.14047953069509245, 0.21047400335456776, -1.0527006322840555, 0.045875608320149586, 0.5106431292287373, -1.0054453673330606, 0.06398390081121164]
[-0.8021475163848162, 0.13038522058482116, 0.20976147593315803, -1.0519041236376885, 0.04725320561914262, 0.5109436553881861, -1.0056470476046555, 0.06264997121162688]
[-0.7988598401551551, 0.12009621326867878, 0.20904662585174674, -1.0509618329964627, 0.04850493811694501, 0.5112374174513421, -1.0058487278762502, 0.06131604161204213]
[-0.7959696130485774, 0.10962982292818205, 0.20832946102577063, -1.0498830611040089, 0.04962328372637531, 0.5115244084599647, -1.0060504081478452, 0.05998211201245737]
[-0.7934857543475007, 0.09900384358274199, 0.20760998939629724, -1.0486774859260328, 0.05060130331312652, 0.51180462154716, -1.00625208841944, 0.05864818241287262]
[-0.7914163797249898, 0.08823651364046961, 0.20688821892993708, -1.0473551289389187, 0.05143265921762112, 0.5120780499375108, -1.0064537686910349, 0.057314252813287864]
[-0.7897687792762471, 0.07734647929520264, 0.20616415761875537, -1.0459263205237854, 0.052111631917712134, 0.5123446869472065, -1.0066554489626296, 0.05598032321370311]
[-0.7885493972309988, 0.06635275684481973, 0.2054378134801835, -1.0444016645654028, 0.052633134789606455, 0.5126045259841702, -1.0068571292342245, 0.054646393614118355]
[-0.7877638133994258, 0.05527469400862892, 0.20470919455693035, -1.0427920023573707, 0.05299272692958849, 0.5128575605481862, -1.0070588095058193, 0.0533124640145336]
[-0.7874167264006763, 0.04413193032417457, 0.2039783089168931, -1.041108375916716, 0.05318662400441595, 0.5131037842310249, -1.0072604897774142, 0.051978534414948846]
[-0.7875119387192351, 0.03294435670619318, 0.20324516465306808, -1.039361990812517, 0.05321170710363407, 0.5133431907165672, -1.007462170049009, 0.05064460481536409]
[-0.7880523436305746, 0.021732074252660317, 0.2025097698834609, -1.0375641786143717, 0.05306552957249559, 0.513575773780927, -1.007663850320604, 0.04931067521577934]
[-0.7890399140335234, 0.010515352384899396, 0.20177213275099687, -1.0357263590674202, 0.05274632180966591, 0.5138015272925731, -1.0078655305921986, 0.04797674561619458]
[-0.7904756932227351, -0.0006854135894340599, 0.20103226142343056, -1.0338600021012856, 0.05225299401942379, 0.5140204452124497, -1.0080672108637936, 0.04664281601660983]
[-0.7923597876304658, -0.011849745400027818, 0.20029016409325556, -1.0319765897806248, 0.0515851369136227, 0.5142325215940949, -1.0082688911353883, 0.045308886417025074]
[-0.7946913615626374, -0.022957125132328504, 0.19954584897761365, -1.0300875783050691, 0.05074302036424118, 0.5144377505837594, -1.0084705714069833, 0.04397495681744032]
[-0.7974686339498427, -0.033987038847521994, 0.19879932431820377, -1.0282043601660948, 0.049727590012910966, 0.5146361264205217, -1.008672251678578, 0.042641027217855565]
[-0.8006888771295818, -0.04491902040985135, 0.19805059838119096, -1.0263382265678842, 0.04854046184935068, 0.5148276434364046, -1.008873931950173, 0.04130709761827081]
[-0.804348417671584, -0.05573269542619953, 0.19729967945711466, -1.024500330218441, 0.04718391477614052, 0.5150122960564885, -1.0090756122217677, 0.039973168018686056]
[-0.8084426392536075, -0.06640782520222666, 0.19654657586079685, -1.0227016485961735, 0.04566088118273265, 0.515190078799024, -1.0092772924933626, 0.0386392384191013]
[-0.8129659875905954, -0.07692435061892598, 0.19579129593125025, -1.0209529477958115, 0.0439749355569901, 0.5153609862755439, -1.0094789727649573, 0.03730530881951655]
[-0.8179119774155569, -0.08726243583324966, 0.19503384803158577, -1.0192647470559244, 0.042130281167869515, 0.5155250131909728, -1.0096806530365523, 0.03597137921993179]
[-0.8232732015059843, -0.09740251170645539, 0.1942742405489198, -1.0176472840684119, 0.04013173485809671, 0.5156821543437353, -1.009882333308147, 0.03463744962034704]
[-0.8290413417450955, -0.10732531886404023, 0.1935124818942818, -1.0161104811682162, 0.037984709990815796, 0.5158324046258652, -1.010084013579742, 0.033303520020762284]
[-0.8352071822026397, -0.11701195029155781, 0.19274858050252056, -1.0146639124990737, 0.03569519759920692, 0.5159757590231101, -1.0102856938513367, 0.03196959042117753]
[-0.8417606242155058, -0.12644389337125864, 0.19198254483221125, -1.0133167722484981, 0.03326974579295569, 0.5161122126150373, -1.0104873741229317, 0.03063566082159277]
[-0.848690703443867, -0.13560307126535143, 0.1912143833655616, -1.0120778440422613, 0.030715437480203056, 0.5162417605751367, -1.0106890543945264, 0.029301731222008014]
[-0.8559856088741646, -0.14447188355275353, 0.19044410460831804, -1.0109554715855145, 0.028039866468194508, 0.5163643981709242, -1.0108907346661213, 0.027967801622423256]
[-0.8636327037358118, -0.1530332460274788, 0.18967171708967134, -1.0099575306343087, 0.025251112010277826, 0.5164801207640413, -1.011092414937716, 0.026633872022838498]
[-0.8716185482941738, -0.16127062956830113, 0.18889722936216238, -1.0090914023776962, 0.022357711871146074, 0.5165889238103561, -1.011294095209311, 0.02529994242325374]
[-0.8799289244780899, -0.16916809799102656, 0.18812065000158737, -1.0083639483067726, 0.019368633986285688, 0.5166908028600612, -1.0114957754809057, 0.023966012823668982]
[-0.8885488622960135, -0.17671034479660572, 0.18734198760690285, -1.0077814866430257, 0.01629324679545255, 0.5167857535577708, -1.0116974557525005, 0.022632083224084224]
[-0.8974626679907344, -0.18388272873041273, 0.18656125080013056, -1.0073497703941485, 0.013141288333659629, 0.5168737716426165, -1.0118991360240954, 0.021298153624499466]
[-0.9066539538786271, -0.19067130807031152, 0.18577844822626186, -1.00707396710109, 0.009922834166587569, 0.5169548529483421, -1.0121008162956904, 0.01996422402491471]
[-0.9161056698154736, -0.1970628735636106, 0.18499358855316209, -1.0069586403355704, 0.0066482642605531495, 0.5170289934033965, -1.012302496567285, 0.01863029442532995]
[-0.9258001362271038, -0.20304497993567605, 0.18420668047147457, -1.0070077330025664, 0.0033282288801355364, 0.5170961890310255, -1.01250417683888, 0.017296364825745193]
[-0.935719078639434, -0.20860597589582014, 0.18341773269452438, -1.007224552497416, -2.6386390700017248e-05, 0.5171564359493628, -1.0127058571104748, 0.015962435226160435]
[-0.9458436636389504, -0.21373503256910487, 0.18262675395822187, -1.007611757762194, -0.003404496405662233, 0.5172097303715188, -1.0129075373820697, 0.014628505626575677]
[-0.956154536191279, -0.21842217028589123, 0.18183375302096583, -1.0081713482808963, -0.006794852890832259, 0.5172560686056693, -1.0131092176536645, 0.013294576026990919]
[-0.9666318582422501, -0.22265828366431525, 0.18103873866354675, -1.0089046550477396, -0.010186081454491291, 0.5172954470551407, -1.0133108979252592, 0.011960646427406161]
[-0.9772553485227621, -0.2264351649243791, 0.1802417196890494, -1.0098123335375604, -0.013566719067875488, 0.5173278622184969, -1.0135125781968541, 0.010626716827821403]
[-0.9880043234758301, -0.22974552537599904, 0.17944270492275527, -1.0108943587018968, -0.016925251911231176, 0.5173533106896221, -1.0137142584684489, 0.009292787228236647]
[-0.9988577392214507, -0.2325830150271454, 0.17864170321204517, -1.012150022008864, -0.020250153478400756, 0.5173717891578039, -1.0139159387400438, 0.00795885762865189]
[-1.0097942344723245, -0.23494224026213267, 0.17783872342630094, -1.0135779305393948, -0.023529922832301653, 0.517383294407815, -1.0141176190116385, 0.0066249280290671345]
[-1.0207921743111004, -0.2368187795441671, 0.17703377445680743, -1.0151760081468715, -0.02675312290307677, 0.5173878233199924, -1.0143192992832335, 0.005290998429482378]
[-1.0318296947375827, -0.23820919710042046, 0.176226865216654, -1.0169414986815586, -0.029908418720398317, 0.5173853728703167, -1.0145209795548282, 0.003957068829897622]
[-1.0428847478923449, -0.23911105455216625, 0.17541800464063576, -1.0188709712756567, -0.03298461547138998, 0.5173759401304894, -1.0147226598264232, 0.002623139230312866]
[-1.0539351478613748, -0.23952292045687795, 0.17460720168515473, -1.02096032767919, -0.035970696275903935, 0.5173595222680081, -1.014924340098018, 0.0012892096307281096]
[-1.0649586169647793, -0.23944437773364144, 0.17379446532812062, -1.0232048116313566, -0.03885585957144705, 0.5173361165462423, -1.0151260203696129, -4.471996885664674e-05]
[-1.0759328324311659, -0.2388760289477594, 0.17297980456885156, -1.0255990202464138, -0.04162955600089116, 0.5173057203245067, -1.0153277006412076, -0.0013786495684414031]
[-1.0868354733581511, -0.23781949943502426, 0.17216322842797405, -1.028136917387673, -0.044281524697224656, 0.5172683310581315, -1.0155293809128025, -0.0027125791680261595]
[-1.0976442678584604, -0.23627743825078582, 0.17134474594732357, -1.0308118489977178, -0.04680182886100562, 0.5172239462985353, -1.0157310611843973, -0.004046508767610916]
[-1.1083370402903465, -0.23425351693364324, 0.17052436618984418, -1.0336165603475997, -0.049180890527858206, 0.5171725636932933, -1.0159327414559922, -0.005380438367195672]
[-1.1188917584705143, -0.23175242607832686, 0.16970209823948815, -1.0365432151624725, -0.05140952442530394, 0.5171141809862051, -1.016134421727587, -0.006714367966780427]
[-1.1292865807674406, -0.22877986971709932, 0.16887795120111557, -1.0395834165759488, -0.05347897082044334, 0.517048796017362, -1.016336101999182, -0.008048297566365183]
[-1.1394999029728858, -0.2253425575137863, 0.16805193420039333, -1.0427282298603873, -0.055380927262482754, 0.5169764067232114, -1.0165377822707766, -0.00938222716594994]
[-1.1495104048495435, -0.2214481947793324, 0.1672240563836942, -1.0459682068753908, -0.057107579126846664, 0.5168970111366225, -1.0167394625423716, -0.010716156765534696]
[-1.1592970962531335, -0.2171054703225588, 0.1663943269179955, -1.0492934121719897, -0.058651628870603045, 0.5168106073869463, -1.0169411428139663, -0.012050086365119452]
[-1.168839362727841, -0.21232404215456366, 0.16556275499077758, -1.0526934506853418, -0.06000632391216332, 0.5167171937000794, -1.0171428230855613, -0.013384015964704208]
[-1.178117010474811, -0.20711452106994563, 0.16472934980992213, -1.0561574969443068, -0.06116548305169056, 0.5166167683985222, -1.017344503357156, -0.014717945564288964]
[-1.187110310594455, -0.20148845213273348, 0.16389412060361022, -1.0596743257219492, -0.06212352135234206, 0.5165093299014385, -1.017546183628751, -0.01605187516387372]
[-1.1958000425045747, -0.1954582940995583, 0.1630570766202201, -1.0632323440469156, -0.06287547340638808, 0.516394876724712, -1.0177478639003457, -0.017385804763458475]
[-1.2041675364377973, -0.1890373968172027, 0.16221822712822476, -1.0668196244917174, -0.06341701491436799, 0.5162734074810024, -1.0179495441719406, -0.01871973436304323]
[-1.2121947149234968, -0.18223997663619043, 0.16137758141608932, -1.0704239396502584, -0.0637444825097679, 0.5161449208798002, -1.0181512244435353, -0.020053663962627984]
[-1.2198641331612972, -0.17508108988653068, 0.16053514879216838, -1.0740327977134545, -0.06385489176620583, 0.5160094157274798, -1.0183529047151303, -0.021387593562212738]
[-1.2271590181953567, -0.16757660446609346, 0.15969093858460257, -1.0776334790485549, -0.06374595332879819, 0.5158668909273507, -1.018554584986725, -0.022721523161797492]
[-1.2340633068009672, -0.15974316959635776, 0.15884496014121544, -1.0812130736847574, -0.06341608711622349, 0.5157173454797084, -1.01875626525832, -0.024055452761382247]
[-1.2405616819975074, -0.1515981838044298, 0.15799722282941017, -1.0847585196049372, -0.0628644345450029, 0.5155607784818838, -1.0189579455299147, -0.025389382360967]
[-1.2466396081045314, -0.14315976119426865, 0.1571477360360655, -1.0882566417408188, -0.062090868732652946, 0.5153971891282901, -1.0191596258015096, -0.026723311960551756]
[-1.2522833642606532, -0.13444669607396975, 0.1562965091674319, -1.091694191566646, -0.06109600264163555, 0.5152265767104702, -1.0193613060731044, -0.02805724156013651]
[-1.2574800763280063, -0.1254784260097329, 0.15544355164902765, -1.095057887184442, -0.05988119513140695, 0.5150489406171407, -1.0195629863446993, -0.029391171159721265]
[-1.26221774710831, -0.11627499338077618, 0.15458887292553403, -1.0983344537922357, -0.05844855489135163, 0.5148642803342363, -1.019764666616294, -0.03072510075930602]
[-1.2664852848000259, -0.10685700551293678, 0.15373248246069124, -1.1015106644251946, -0.05680094223295103, 0.5146725954449513, -1.019966346887889, -0.032059030358890774]
[-1.2702725296296826, -0.09724559347202066, 0.1528743897371931, -1.10457338085847, -0.05494196872517975, 0.5144738856297815, -1.0201680271594837, -0.03339295995847553]
[-1.2735702785942244, -0.08746236960111449, 0.1520146042565825, -1.1075095945596831, -0.05287599466281761, 0.5142681506665628, -1.0203697074310787, -0.03472688955806028]
[-1.2763703082551299, -0.07752938388904919, 0.151153135539146, -1.1103064675784187, -0.05060812436310998, 0.5140553904305105, -1.0205713877026734, -0.03606081915764504]
[-1.278665395529114, -0.06746907925999915, 0.15028999312380822, -1.1129513732598035, -0.048144199291979786, 0.5138356048942545, -1.0207730679742684, -0.03739474875722979]
[-1.280449336424399, -0.05730424587680371, 0.14942518656802656, -1.1154319366692642, -0.045490789026781, 0.5136087941278764, -1.020974748245863, -0.038728678356814546]
[-1.2817169626758464, -0.047057974553008135, 0.14855872544768522, -1.1177360746158553, -0.042655180068370435, 0.5133749582989424, -1.021176428517458, -0.0400626079563993]
[-1.282464156236664, -0.0367536093708274, 0.14769061935698913, -1.1198520351621513, -0.0396453625210468, 0.5131340976725369, -1.0213781087890528, -0.041396537555984055]
[-1.282687861588921, -0.026414699604238114, 0.1468208779083577, -1.1217684365095852, -0.03647001466464829, 0.5128862126112929, -1.0215797890606477, -0.04273046715556881]
[-1.282386095839716, -0.016064951048192843, 0.1459495107323186, -1.1234743051492888, -0.0331384854487992, 0.5126313035754229, -1.0217814693322425, -0.04406439675515356]
[-1.281557956574561, -0.00572817685652495, 0.1450765274774007, -1.124959113169975, -0.029660774944936102, 0.5123693711227467, -1.0219831496038374, -0.04539832635473832]
[-1.2802036274442963, 0.004571752007534298, 0.1442019378100277, -1.1262128146161365, -0.026047512797310872, 0.5121004159087192, -1.0221848298754321, -0.04673225595432307]
[-1.2783243814667138, 0.01481095660317449, 0.14332575141441087, -1.1272258807918942, -0.02230993471964801, 0.5118244386864563, -1.022386510147027, -0.04806618555390783]
[-1.2759225820289386, 0.0249656000202046, 0.14244797799244174, -1.127989334408121, -0.01845985708951111, 0.5115414403067586, -1.0225881904186218, -0.04940011515349258]
[-1.2730016815815757, 0.035011937457000646, 0.14156862726358477, -1.1284947824730753, -0.014509649697696365, 0.5112514217181352, -1.0227898706902168, -0.050734044753077336]
[-1.2695662180205758, 0.0449263662611273, 0.1406877089647698, -1.1287344478296162, -0.010472206715103877, 0.5109543839668255, -1.0229915509618115, -0.05206797435266209]
[-1.2656218087577815, 0.05468547582534728, 0.13980523285028407, -1.1287011992451936, -0.006360915944528728, 0.5106503281968184, -1.0231932312334064, -0.053401903952246844]
[-1.2611751424861024, 0.06426609723175342, 0.13892120869166438, -1.1283885799641775, -0.0021896264296481227, 0.5103392556498735, -1.0233949115050012, -0.0547358335518316]
[-1.2562339686502733, 0.07364535253701462, 0.13803564627758877, -1.127790834635693, 0.0020273855018511228, 0.5100211676655358, -1.0235965917765961, -0.05606976315141635]
[-1.2508070846391353, 0.08280070359221636, 0.13714855541376816, -1.1269029345339894, 0.0062754516795760495, 0.5096960656811547, -1.0237982720481908, -0.05740369275100111]
[-1.2449043207203454, 0.09171000029149887, 0.1362599459228378, -1.1257206009924423, 0.010539548930437695, 0.5093639512318966, -1.0239999523197858, -0.05873762235058586]
[-1.2385365227433496, 0.10035152814465192, 0.13536982764424846, -1.1242403269765844, 0.01480433722755592, 0.50902482595076, -1.0242016325913805, -0.06007155195017062]
[-1.231715532641345, 0.10870405507001044, 0.1344782104341576, -1.1224593967260708, 0.019054199054370807, 0.5086786915685867, -1.0244033128629755, -0.06140548154975537]
[-1.2244541667677853, 0.11674687730540956, 0.13358510416532007, -1.1203759034001763, 0.02327327988662424, 0.5083255499140723, -1.0246049931345702, -0.06273941114934012]
[-1.216766192107753, 0.12445986433659845, 0.13269051872697882, -1.1179887646663227, 0.027445529691459844, 0.507965402913776, -1.0248066734061652, -0.06407334074892487]
[-1.208666300409205, 0.1318235027443752, 0.13179446402475553, -1.1152977361761822, 0.0315547453397232, 0.5075982525921288, -1.0250083536777599, -0.06540727034850963]
[-1.2001700802837134, 0.13881893887378638, 0.13089694998054077, -1.112303422879144, 0.03558461382462265, 0.5072241010714389, -1.0252100339493548, -0.06674119994809438]
[-1.1912939873308097, 0.14542802023103443, 0.12999798653238426, -1.1090072881282886, 0.03951875617726411, 0.5068429505718982, -1.0254117142209496, -0.06807512954767914]
[-1.1820553123444597, 0.15163333551624322, 0.1290975836343847, -1.105411660539539, 0.04334077196718088, 0.5064548034115851, -1.0256133944925445, -0.06940905914726389]
[-1.172472147664458, 0.15741825320294378, 0.12819575125657975, -1.101519738570282, 0.04703428427387525, 0.5060596620064675, -1.0258150747641392, -0.07074298874684865]
[-1.1625633517396994, 0.16276695857805948, 0.1272924993848353, -1.0973355927895039, 0.05058298501355858, 0.5056575288704032, -1.0260167550357342, -0.0720769183464334]
[-1.1523485119742918, 0.16766448915927434, 0.12638783802073533, -1.092864165817313, 0.05397068050373985, 0.5052484066151397, -1.026218435307329, -0.07341084794601815]
[-1.1418479059313567, 0.17209676840996463, 0.12548177718147074, -1.0881112699176552, 0.05718133714706211, 0.5048322979503133, -1.0264201155789239, -0.07474477754560291]
[-1.1310824609730714, 0.17605063767534962, 0.12457432689972878, -1.0830835822339975, 0.06019912711484143, 0.5044092056834447, -1.0266217958505186, -0.07607870714518766]
[-1.120073712419077, 0.17951388626716733, 0.12366549722358167, -1.0777886376638088, 0.06300847391010776, 0.5039791327199348, -1.0268234761221136, -0.07741263674477242]
[-1.108843760308743, 0.18247527962799515, 0.12275529821637556, -1.0722348193737246, 0.06559409768960382, 0.5035420820630592, -1.0270251563937083, -0.07874656634435717]
[-1.0974152248560083, 0.18492458551030996, 0.12184373995661903, -1.0664313469633897, 0.0679410602241529, 0.5030980568139608, -1.0272268366653032, -0.08008049594394193]
[-1.0858112006885179, 0.18685259810950383, 0.12093083253787139, -1.0603882622920713, 0.07003480937707235, 0.5026470601716405, -1.027428516936898, -0.08141442554352668]
[-1.0740552099656215, 0.1882511600943356, 0.1200165860686311, -1.0541164129882197, 0.07186122298087586, 0.502189095432948, -1.027630197208493, -0.08274835514311144]
[-1.062171154472418, 0.18911318248269332, 0.11910101067222363, -1.0476274336682372, 0.07340665199338708, 0.5017241659925692, -1.0278318774800876, -0.08408228474269619]
[-1.050183266789457, 0.18943266231506053, 0.11818411648668964, -1.040933724896727, 0.07465796281556283, 0.5012522753430146, -1.0280335577516826, -0.08541621434228094]
[-1.038116060639926, 0.1892046980827089, 0.11726591366467239, -1.0340484299264834, 0.0756025786548124, 0.5007734270746041, -1.0282352380232773, -0.0867501439418657]
[-1.0259942805181408, 0.1884255028723736, 0.11634641237330556, -1.0269854092623778, 0.07622851981937831, 0.5002876248754519, -1.0284369182948723, -0.08808407354145045]
[-1.0138428507049382, 0.1870924151939925, 0.11542562279410067, -1.0197592130991204, 0.07652444283142788, 0.4997948725314488, -1.028638598566467, -0.08941800314103521]
[-1.00168682377712, 0.18520390746299933, 0.11450355512283417, -1.0123850516885962, 0.07647967824887687, 0.49929517392624456, -1.028840278838062, -0.09075193274061996]
[-0.9895513287194116, 0.1827595921136393, 0.11358021956943468, -1.0048787636980732, 0.07608426708862825, 0.4987885330412277, -1.0290419591096567, -0.0920858623402047]
[-0.9774615187485008, 0.17976022532481806, 0.11265562635786995, -0.9972567826260732, 0.07532899574685308, 0.49827495395550436, -1.0292436393812516, -0.09341979193978944]
[-0.9654425189595573, 0.17620770834508323, 0.11172978572603356, -0.9895361013480072, 0.07420542931516114, 0.4977544408458755, -1.0294453196528464, -0.0947537215393742]
[-0.9535193739062692, 0.17210508640847066, 0.1108027079256316, -0.9817342348688773, 0.0727059431949979, 0.49722699798681325, -1.0296469999244413, -0.09608765113895894]
[-0.9417169952257904, 0.16745654523810155, 0.10987440322206919, -0.9738691813653365, 0.07082375291635605, 0.4966926297504354, -1.029848680196036, -0.09742158073854368]
[-0.9300601094201462, 0.16226740513959353, 0.10894488189433675, -0.9659593816042372, 0.06855294207089169, 0.4961513406064784, -1.030050360467631, -0.09875551033812842]
[-0.9291006791331667, 0.16181297673308154, 0.10886774050218848, -0.9653019813720497, 0.06834700509997103, 0.4961061397640484, -1.0300670862197876, -0.09886613581329584]
[-0.9291006791331667, 0.16181297673308154, 0.10886774050218848, -0.9653019813720497, 0.06834700509997103, 0.4961061397640484, -1.0300670862197876, -0.09886613581329584]
[-0.9283024921957423, 0.15859189766673515, 0.1113260788131062, -0.9617307378107095, 0.06893397295991646, 0.49971249584178123, -1.025624254551478, -0.10243488017046641]
[-0.9275041837339854, 0.1553001205191664, 0.11377577813358138, -0.9582573338014444, 0.06951713462420393, 0.5032568727862912, -1.0211814228831684, -0.10600362452763698]
[-0.9267042659159905, 0.151937690024548, 0.11621664836503831, -0.9548818828421963, 0.0700941238309115, 0.5067389301583668, -1.0167385912148588, -0.10957236888480755]
[-0.9259012523114485, 0.1485046827208797, 0.11864850009404557, -0.9516044406028235, 0.07066256781675423, 0.5101583355502076, -1.0122957595465492, -0.11314111324197812]
[-0.9250936585733501, 0.14500120691220925, 0.12107114460701443, -0.9484250046909825, 0.07122008873397337, 0.5135147646197603, -1.0078529278782395, -0.11670985759914869]
[-0.9242800031187228, 0.14142740261623607, 0.12348439390484342, -0.9453435144527613, 0.07176430507449323, 0.5168079011239906, -1.00341009620993, -0.12027860195631926]
[-0.9234588078080833, 0.1377834414973197, 0.12588806071750702, -0.9423598508082708, 0.07229283310048996, 0.5200374369510845, -0.9989672645416203, -0.12384734631348983]
[-0.9226285986232955, 0.13406952678492667, 0.128281958518588, -0.939473836122383, 0.07280328828051756, 0.523203072151577, -0.9945244328733107, -0.1274160906706604]
[-0.921787906343521, 0.13028589317755151, 0.13066590153975208, -0.9366852341107851, 0.07329328673032462, 0.5263045149684039, -0.9900816012050011, -0.13098483502783098]
[-0.9209352672189502, 0.12643280673215695, 0.13303970478516366, -0.9339937497814924, 0.07376044665749454, 0.5293414818658738, -0.9856387695366915, -0.13455357938500156]
[-0.9200692236420054, 0.12251056473918359, 0.13540318404584165, -0.9313990294119482, 0.07420238980903615, 0.5323136975575571, -0.9811959378683819, -0.13812232374217215]
[-0.9191883248157043, 0.1185194955831878, 0.13775615591395415, -0.9289006605618094, 0.07461674292104911, 0.5352208950330891, -0.9767531062000723, -0.14169106809934273]
[-0.9182911274188799, 0.11445995858917063, 0.1400984377970512, -0.9264981721215045, 0.07500113916958323, 0.5380628155838847, -0.9723102745317627, -0.14525981245651332]
[-0.9173761962679455, 0.11033234385466995, 0.14242984793223387, -0.9241910343966193, 0.07535321962181171, 0.5408392088277608, -0.967867442863453, -0.1488285568136839]
[-0.9164421049749062, 0.1061370720676919, 0.1447502054002595, -0.921978659228152, 0.07567063468663172, 0.543549832732466, -0.9634246111951436, -0.15239730117085448]
[-0.9154874366013067, 0.1018745943105667, 0.14705933013958095, -0.9198604001486511, 0.07595104556380888, 0.5461944536381126, -0.958981779526834, -0.15596604552802504]
[-0.9145107843078224, 0.09754539184981781, 0.1493570429603195, -0.9178355525742334, 0.07619212569077685, 0.5487728462785105, -0.9545389478585246, -0.1595347898851956]
[-0.9135107519991869, 0.09314997591214311, 0.15164316555817034, -0.9159033540324532, 0.07639156218620684, 0.5512847938014013, -0.9500961161902151, -0.16310353424236615]
[-0.9124859549641638, 0.08868888744660924, 0.15391752052823884, -0.9140629844259716, 0.07654705728945818, 0.5537300877875879, -0.9456532845219054, -0.1666722785995367]
[-0.9114350205102695, 0.08416269687317049, 0.1561799313788076, -0.9123135663319617, 0.07665632979502464, 0.5561085282689616, -0.941210452853596, -0.17024102295670726]
[-0.9103565885929457, 0.0795720038176263, 0.15843022254503203, -0.9106541653371448, 0.07671711648108995, 0.5584199237454217, -0.9367676211852864, -0.17380976731387782]
[-0.9092493124389058, 0.07491743683314137, 0.16066821940256465, -0.9090837904083559, 0.07672717353131023, 0.5606640912006879, -0.9323247895169768, -0.17737851167104837]
[-0.9081118591633551, 0.070199653108455, 0.16289374828110584, -0.9076013942984905, 0.07668427794894075, 0.5628408561170044, -0.9278819578486672, -0.18094725602821893]
[-0.9069429103808092, 0.06541933816291512, 0.16510663647788085, -0.9062058739876816, 0.07658622896242888, 0.5649500524887325, -0.9234391261803577, -0.18451600038538948]
[-0.905741162809224, 0.06057720552847687, 0.16730671227104169, -0.9048960711595208, 0.07643084942159732, 0.566991522834833, -0.9189962945120481, -0.18808474474256007]
[-0.9045053288671647, 0.05567399641881296, 0.1694938049329929, -0.9036707727121266, 0.07621598718354736, 0.5689651182102365, -0.9145534628437386, -0.19165348909973062]
[-0.9032341372637315, 0.05071047938568671, 0.17166774474364008, -0.9025287113038306, 0.07593951648741261, 0.5708706982160998, -0.910110631175429, -0.1952222334569012]
[-0.9019263335809787, 0.045687449962748594, 0.17382836300356033, -0.9014685659332418, 0.07559933931710452, 0.5727081310089499, -0.9056677995071195, -0.19879097781407176]
[-0.9005806808485509, 0.04060573029691719, 0.17597549204709356, -0.9004889625534162, 0.0751933867511888, 0.5744772933087134, -0.90122496783881, -0.20235972217124232]
[-0.8991959601102791, 0.035466168767517264, 0.17810896525535322, -0.8995884747198503, 0.07471962029904564, 0.5761780704056314, -0.8967821361705004, -0.20592846652841287]
[-0.8977709709824694, 0.030269639593348246, 0.18022861706915635, -0.898765624271983, 0.07417603322246674, 0.5778103561660601, -0.8923393045021908, -0.20949721088558346]
[-0.8963045322036327, 0.02501704242786576, 0.182334283001871, -0.8980188820478812, 0.07356065184185445, 0.579374053037158, -0.8878964728338813, -0.213065955242754]
[-0.894795482175397, 0.01970930194266099, 0.1844257996521802, -0.897346668631751, 0.0728715368261903, 0.5808690720504557, -0.8834536411655718, -0.2166346995999246]
[-0.8932426794943592, 0.014347367399431377, 0.18650300471676276, -0.8967473551339133, 0.07210678446595434, 0.5822953328243159, -0.8790108094972622, -0.22020344395709515]
[-0.8916450034746256, 0.008932212210638335, 0.18856573700288734, -0.8962192640028391, 0.07126452792818025, 0.583652763565275, -0.8745679778289526, -0.2237721883142657]
[-0.8900013546608052, 0.00346483348905563, 0.19061383644092156, -0.8957606698688434, 0.07034293849284298, 0.5849413010682752, -0.8701251461606431, -0.2273409326714363]
[-0.8883106553312153, -0.002053748413584855, 0.19264714409675357, -0.8953698004189949, 0.06934022676978564, 0.5861608907157834, -0.8656823144923336, -0.23090967702860687]
[-0.8865718499910736, -0.00762249037863777, 0.19466550218412523, -0.8950448373028003, 0.06825464389539894, 0.5873114864757962, -0.861239482824024, -0.23447842138577743]
[-0.8847839058554422, -0.013240327003060881, 0.19666875407687662, -0.8947839170681778, 0.06708448270828232, 0.5883930508987378, -0.8567966511557145, -0.23804716574294799]
[-0.8829458133217084, -0.018906171092182622, 0.1986567443211002, -0.8945851321272427, 0.06582807890312228, 0.5894055551132462, -0.852353819487405, -0.24161591010011857]
[-0.8810565864313787, -0.024618914162491956, 0.20062931864720437, -0.8944465317513806, 0.0644838121620392, 0.5903489788208516, -0.8479109878190954, -0.24518465445728913]
[-0.8791152633209797, -0.030377426954221493, 0.20258632398188475, -0.8943661230950926, 0.06305010726265946, 0.5912233102895494, -0.8434681561507857, -0.24875339881445968]
[-0.8771209066618499, -0.036180559953485014, 0.2045276084600027, -0.8943418722480515, 0.061525435162192804, 0.5920285463462664, -0.8390253244824761, -0.25232214317163026]
[-0.8750726040886302, -0.042027143923730886, 0.20645302143637048, -0.8943717053148141, 0.0599083140567952, 0.5927646923682255, -0.8345824928141666, -0.25589088752880085]
[-0.872969468616245, -0.047915990446265544, 0.20836241349744114, -0.8944535095215969, 0.058197310415522355, 0.5934317622732076, -0.830139661145857, -0.25945963188597143]
[-0.8708106390451927, -0.05384589246959898, 0.21025563647290324, -0.8945851343495207, 0.05639103998818322, 0.5940297785087143, -0.8256968294775475, -0.263028376243142]
[-0.8685952803549487, -0.05981562486735806, 0.212132543447179, -0.8947643926936987, 0.054488168786426414, 0.5945587720400345, -0.8212539978092379, -0.2665971206003126]
[-0.8663225840853085, -0.06582394500451208, 0.21399298877082507, -0.8949890620475385, 0.052487414037398095, 0.5950187823372151, -0.8168111661409284, -0.2701658649574832]
[-0.8639917687054882, -0.07186959331164808, 0.21583682807183494, -0.8952568857115988, 0.05038754510933355, 0.5954098573609391, -0.8123683344726188, -0.27373460931465377]
[-0.8616020799708202, -0.07795129386703356, 0.21766391826684256, -0.8955655740263407, 0.04818738440845205, 0.5957320535473157, -0.8079255028043093, -0.27730335367182435]
[-0.8591527912668694, -0.08406775498619631, 0.21947411757222532, -0.8959128056280781, 0.04588580824654917, 0.5959854357915806, -0.8034826711359997, -0.28087209802899493]
[-0.8566432039408244, -0.09021766981875168, 0.2212672855151069, -0.89629622872744, 0.04348174767868848, 0.5961700774307143, -0.7990398394676902, -0.2844408423861655]
[-0.8540726476199979, -0.09639971695220081, 0.22304328294425813, -0.896713462409617, 0.04097418931041938, 0.5962860602249797, -0.7945970077993806, -0.2880095867433361]
[-0.8514404805173017, -0.10261256102242339, 0.2248019720408948, -0.8971620979556746, 0.038362176073957754, 0.5963334743383788, -0.7901541761310711, -0.2915783311005067]
[-0.8487460897235448, -0.10885485333058184, 0.22654321632937302, -0.8976397001841758, 0.03564480797279068, 0.5963124183180388, -0.7857113444627615, -0.29514707545767727]
[-0.8459888914864302, -0.11512523246615514, 0.22826688068777945, -0.8981438088123713, 0.032821242794176364, 0.5962229990725243, -0.781268512794452, -0.29871581981484785]
[-0.8431683314761129, -0.12142232493581259, 0.2299728313584172, -0.8986719398361698, 0.029890696789038357, 0.5960653318490831, -0.7768256811261424, -0.30228456417201843]
[-0.8402838850372035, -0.12774474579784068, 0.23166093595818515, -0.8992215869281166, 0.02685244531876152, 0.5958395402098279, -0.7723828494578328, -0.305853308529189]
[-0.837335057427099, -0.1340910993018287, 0.2333310634888513, -0.8997902228525799, 0.02370582346842426, 0.5955457560068587, -0.7679400177895233, -0.3094220528863596]
[-0.8343213840405282, -0.1404599795333196, 0.23498308434721815, -0.9003753008973314, 0.020450226626016255, 0.5951841193563289, -0.7634971861212136, -0.3129907972435302]
[-0.8312424306202154, -0.1468499710631291, 0.23661687033518014, -0.9009742563207113, 0.017085111027211747, 0.5947547786114598, -0.7590543544529041, -0.31655954160070077]
[-0.8280977934535566, -0.1532596496010332, 0.23823229466967183, -0.901584507813534, 0.013609994265289582, 0.5942578903345084, -0.7546115227845945, -0.32012828595787135]
[-0.8248870995552267, -0.15968758265352448, 0.2398292319925064, -0.9022034589749063, 0.0100244557658076, 0.5936936192676914, -0.750168691116285, -0.32369703031504193]
[-0.8216100068356248, -0.1661323301853326, 0.24140755838010353, -0.902828499801091, 0.0063281372256644985, 0.5930621383030713, -0.7457258594479754, -0.3272657746722125]
[-0.8182662042550888, -0.1725924452844059, 0.2429671513531059, -0.90345700818657, 0.0025207430161978406, 0.5923636284514092, -0.7412830277796658, -0.33083451902938305]
[-0.8148554119638002, -0.17906647483004645, 0.24450788988588396, -0.9040863514364209, -0.0013979594500075632, 0.5915982788099888, -0.7368401961113563, -0.33440326338655363]
[-0.8113773814273211, -0.18555296016389197, 0.24602965441592722, -0.9047138877891402, -0.005428139388910319, 0.5907662865294159, -0.7323973644430467, -0.33797200774372416]
[-0.8078318955377015, -0.19205043776343458, 0.24753232685312263, -0.9053369679490165, -0.0095699023516847, 0.5898678567794002, -0.7279545327747372, -0.34154075210089474]
[-0.8042187687101089, -0.19855743991776723, 0.24901579058891848, -0.905952936627166, -0.013823289968541846, 0.5889032027135236, -0.7235117011064276, -0.34510949645806527]
[-0.8005378469649322, -0.20507249540524577, 0.25047993050537315, -0.9065591340903196, -0.018188279729939194, 0.5878725454329996, -0.7190688694381181, -0.34867824081523585]
[-0.796789007995326, -0.21159413017275489, 0.2519246329840885, -0.9071528977164621, -0.02266478480540035, 0.586776113949432, -0.7146260377698085, -0.3522469851724064]
[-0.7929721612201615, -0.218120868016265, 0.2533497859150268, -0.9077315635564009, -0.027252653900142254, 0.5856141451465746, -0.710183206101499, -0.35581572952957696]
[-0.7907823027751213, -0.22181562850951686, 0.2541474855010591, -0.9080512955340253, -0.029897888299300207, 0.5849277212013135, -0.7076692944392562, -0.3578350516036153]
[-0.7907823027751213, -0.22181562850951686, 0.2541474855010591, -0.9080512955340253, -0.029897888299300207, 0.5849277212013135, -0.7076692944392562, -0.3578350516036153]
[-0.7674164465231423, -0.22194127489142418, 0.25281802030272393, -0.8830801536738084, -0.027215238222912885, 0.5825204277727614, -0.6849393872754876, -0.3607958149975018]
[-0.7439869415925604, -0.2220714236547095, 0.25147119859139516, -0.8579907363386766, -0.024551899244474956, 0.5800882588001436, -0.6622094801117191, -0.3637565783913883]
[-0.7204938559572189, -0.22220741804069707, 0.25010711282934456, -0.8327832724664365, -0.02191020606372096, 0.5776313314976285, -0.6394795729479505, -0.3667173417852748]
[-0.6969372855994368, -0.22235059975300517, 0.2487258566640591, -0.8074580365041599, -0.01929248970893019, 0.5751497644355097, -0.616749665784182, -0.36967810517916133]
[-0.6733173544726727, -0.22250230837499893, 0.2473275249218117, -0.7820153483375013, -0.01670107664914408, 0.5726436775332101, -0.5940197586204135, -0.37263886857304784]
[-0.6496342144520807, -0.22266388078814284, 0.2459122136011511, -0.7564555732026108, -0.014138287907857983, 0.5701131920521981, -0.5712898514566449, -0.37559963196693436]
[-0.6258880452729776, -0.22283665059150443, 0.24448001986631146, -0.7307791215806744, -0.011606438178530826, 0.5675584305888217, -0.5485599442928764, -0.37856039536082087]
[-0.6020790544572496, -0.22302194752266025, 0.24303104204054182, -0.7049864490751201, -0.009107834942254006, 0.5649795170670577, -0.5258300371291078, -0.3815211587547074]
[-0.5782074772277289, -0.2232210968802546, 0.24156537959935598, -0.6790780562715347, -0.006644777587922257, 0.5623765767311785, -0.5031001299653393, -0.3844819221485939]
[-0.554273576410578, -0.22343541894846147, 0.24008313316370317, -0.6530544885803441, -0.004219556535247887, 0.5597497361383336, -0.4803702228015707, -0.3874426855424804]
[-0.5302776423257238, -0.2236662284235976, 0.23858440449306045, -0.6269163360623148, -0.0018344523609563068, 0.5570991231510521, -0.4576403156378022, -0.3904034489363669]
[-0.5062199926653888, -0.22391483384313568, 0.23706929647844652, -0.6006642332369434, 0.0005082650714968995, 0.5544248669296604, -0.4349104084740337, -0.3933642123302534]
[-0.48210097236077054, -0.2241825370173642, 0.2355379131353579, -0.574298858873806, 0.0028063374783516004, 0.5517270979246192, -0.41218050131026523, -0.39632497572413994]
[-0.45792095343693034, -0.2244706324639405, 0.23399035959662845, -0.5478209357669456, 0.0050575190177739315, 0.5490059478687808, -0.38945059414649674, -0.39928573911802645]
[-0.43368033485594915, -0.2247804068455805, 0.23242674210521125, -0.5212312304923836, 0.007259577147560925, 0.5462615497695633, -0.36672068698272825, -0.40224650251191296]
[-0.409379542348423, -0.22511313841112984, 0.23084716800688532, -0.4945305531488497, 0.00941029347798436, 0.5434940379010482, -0.34399077981895976, -0.4052072659057995]
[-0.38501902823336775, -0.2254700964402572, 0.22925174574288568, -0.46771975708182495, 0.011507464619444074, 0.5407035477959956, -0.32126087265519127, -0.408168029299686]
[-0.3605992712266119, -0.22585254069201013, 0.2276405848424587, -0.4407997385910055, 0.013548903024603959, 0.5378902162377814, -0.2985309654914228, -0.4111287926935725]
[-0.33612077623776065, -0.22626172085747268, 0.22601379591534293, -0.4137714366213003, 0.015532437824682721, 0.5350541812522578, -0.2758010583276543, -0.414089556087459]
[-0.31158407415581957, -0.22669887601676122, 0.2243714906441752, -0.38663583243747973, 0.017455915659574772, 0.5321955820995327, -0.2530711511638858, -0.4170503194813455]
[-0.2869897216235675, -0.22716523410059308, 0.22271378177682347, -0.35939394928259694, 0.019317201501482945, 0.5293145592656745, -0.2303412440001173, -0.42001108287523203]
[-0.26233830080078113, -0.22766201135666156, 0.2210407831186465, -0.33204685202032025, 0.021114179471741157, 0.5264112544543391, -0.2076113368363488, -0.42297184626911855]
[-0.23763041911640784, -0.2281904118210475, 0.2193526095246808, -0.30459564676130413, 0.022844753650512473, 0.5234858105783208, -0.1848814296725803, -0.42593260966300506]
[-0.21286670900979995, -0.22875162679489722, 0.2176493768917555, -0.27704148047375354, 0.024506848879047388, 0.5205383717510261, -0.16215152250881182, -0.42889337305689157]
[-0.18804782766111744, -0.22934683432659195, 0.2159312021505361, -0.2493855405783216, 0.026098411554194095, 0.5175690832778764, -0.13942161534504333, -0.4318541364507781]
[-0.1631744567110172, -0.22997719869963373, 0.21419820325749642, -0.22162905452750103, 0.027617410414851162, 0.5145780916476296, -0.11669170818127482, -0.4348148998446646]
[-0.13824730196975182, -0.23064386992646868, 0.212450499186821, -0.19377328936967286, 0.029061837320060013, 0.5115655445236348, -0.09396180101750633, -0.4377756632385511]
[-0.11326709311580144, -0.23134798324846784, 0.2106882099222372, -0.16581955129797826, 0.030429708018433643, 0.5085315907350083, -0.07123189385373782, -0.4407364266324376]
[-0.0882345833841694, -0.23209065864228018, 0.20891145644877798, -0.13776918518418652, 0.03171906290862753, 0.5054763802677392, -0.048501986689969315, -0.44369719002632413]
[-0.06315054924447659, -0.23287300033277272, 0.207120360744476, -0.10962357409773979, 0.03292796779055543, 0.5024000642557221, -0.025772079526200812, -0.44665795342021064]
[-0.03801579006899536, -0.2336960963127682, 0.20531504577198972, -0.08138413881016482, 0.034054514607061076, 0.49930279497171826, -0.003042172362432302, -0.44961871681409715]
[-0.012831127790762547, -0.2345610178697878, 0.20349563547016156, -0.05305233728503289, 0.03509682217575841, 0.49618472581824513, 0.0196877348013362, -0.45257948020798366]
[0.012402593448075202, -0.23546881912000409, 0.2016622547455092, -0.02462966415367798, 0.03605303691075837, 0.49304601131839587, 0.04241764196510471, -0.4555402436018702]
[0.037684507657537475, -0.23642053654960493, 0.19981502946365068, 0.0038823498231376347, 0.03692133353400301, 0.48988680710658905, 0.06514754912887322, -0.4585010069957567]
[0.0630137273705466, -0.23741718856376884, 0.19795408644066342, 0.032482138307391446, 0.037699915775930265, 0.48670726991924906, 0.08787745629264171, -0.4614617703896432]
[0.08838934402296625, -0.23845977504344412, 0.19607955343437763, 0.06116809994959341, 0.038387017065202755, 0.4835075575854163, 0.1106073634564102, -0.4644225337835297]
[0.11381042834277867, -0.23954927691012617, 0.19419155913560607, 0.0899385989679862, 0.038980901207230134, 0.48028782901729217, 0.13333727062017872, -0.4673832971774162]
[0.1392760307482312, -0.24068665569881958, 0.19229023315930868, 0.11879196574092711, 0.039479863051225805, 0.4770482442007139, 0.15606717778394721, -0.47034406057130274]
[0.1647851817547785, -0.2418728531393705, 0.19037570603569431, 0.14772649741221835, 0.0398822291455396, 0.47378896418556354, 0.17879708494771573, -0.47330482396518925]
[0.1903368923906485, -0.2431087907463504, 0.18844810920125982, 0.17674045850916148, 0.04018635838101403, 0.47051015107611177, 0.20152699211148423, -0.47626558735907576]
[0.2159301546208473, -0.2443953694176686, 0.18650757498976625, 0.20583208157308408, 0.040390642622115, 0.46721196802129383, 0.22425689927525275, -0.47922635075296227]
[0.24156394177942486, -0.2457334690420872, 0.18455423662315404, 0.2349995678021079, 0.04049350732559587, 0.4638945792049224, 0.24698680643902124, -0.4821871141468488]
[0.26723720900980935, -0.24712394811580818, 0.18258822820239723, 0.26424108770589605, 0.04049341214645452, 0.4605581498358359, 0.26971671360278976, -0.4851478775407353]
[0.29294889371302496, -0.2485676433682989, 0.18060968469829664, 0.2935547817721392, 0.04038885153095101, 0.45720284613798157, 0.29244662076655825, -0.4881086409346218]
[0.31869791600359443, -0.2500653693975179, 0.17861874194221436, 0.32293876114451, 0.0401783552964568, 0.45382883534043805, 0.3151765279303268, -0.4910694043285083]
[0.3444831791729333, -0.2516179183146978, 0.1766155366167483, 0.3523911083118345, 0.03986048919791507, 0.45043628566737315, 0.3379064350940953, -0.49403016772239483]
[0.37030357016003224, -0.25322605939884124, 0.17460020624634873, 0.3819098778082037, 0.039433855480690005, 0.44702536632794165, 0.3606363422578638, -0.49699093111628134]
[0.3961579600292268, -0.2548905387610767, 0.1725728891878769, 0.4114930969237631, 0.03889709341959652, 0.44359624750612087, 0.3833662494216323, -0.49995169451016785]
[0.4220452044548446, -0.25661207901902144, 0.17053372462110658, 0.44113876642589617, 0.03824887984390213, 0.44014910035048693, 0.4060961565854008, -0.5029124579040544]
[0.44796414421252445, -0.2583913789812918, 0.168482852539169, 0.4708448612905313, 0.03748792964809866, 0.4366840969639296, 0.4288260637491693, -0.5058732212979409]
[0.47391360567699053, -0.26022911334229704, 0.1664204137389421, 0.5006093314432796, 0.0366129962882486, 0.4332014103933106, 0.45155597091293787, -0.5088339846918274]
[0.49989240132607093, -0.2621259323874496, 0.16434654981138444, 0.5304301025101265, 0.03562287226371741, 0.4297012146190613, 0.47428587807670636, -0.5117947480857139]
[0.5258993302507378, -0.26408246170891847, 0.16226140313181467, 0.5603050765773758, 0.03451638958410391, 0.42618368454472333, 0.4970157852404749, -0.5147555114796005]
[0.5519331786709533, -0.2660993019320492, 0.1601651168501372, 0.5902321329605632, 0.033292420221194274, 0.4226489959864328, 0.5197456924042434, -0.517716274873487]
[0.5779927204570935, -0.26817702845256935, 0.1580578348810146, 0.6202091289820277, 0.031949876545763256, 0.41909732566234775, 0.542475599568012, -0.5206770382673737]
[0.6040767176567302, -0.2703161911846916, 0.15593970189398762, 0.6502339007568568, 0.030487711749058788, 0.41552885118202, 0.5652055067317804, -0.5236378016612602]
[0.6175902806203549, -0.27144800270133923, 0.15483887388395481, 0.6657965598133805, 0.029683380516433877, 0.4136748155298452, 0.5769733730703592, -0.5251706661656499]
[0.6175902806203549, -0.27144800270133923, 0.15483887388395481, 0.6657965598133805, 0.029683380516433877, 0.4136748155298452, 0.5769733730703592, -0.5251706661656499]
[0.6242407491142999, -0.2646857545637807, 0.15285632721394823, 0.6750492585417867, 0.032281849992181366, 0.4159698715518457, 0.5807082819048287, -0.5191260570500784]
[0.6309084919039472, -0.25797203771944976, 0.1508647228725262, 0.6842248708353312, 0.03475198737168578, 0.41820347590337525, 0.5844431907392982, -0.5130814479345069]
[0.6375926284535324, -0.25130717572988964, 0.14886417887441555, 0.693320620373463, 0.037095869313586216, 0.4203749052301582, 0.5881780995737677, -0.5070368388189355]
[0.6442922723781332, -0.2446914759387847, 0.14685481376407258, 0.7023337850358203, 0.03931563520258796, 0.4224834473084479, 0.5919130084082371, -0.500992229703364]
[0.6510065317430901, -0.2381252293668999, 0.14483674660865825, 0.7112616983369451, 0.041413485749243084, 0.4245284012034327, 0.5956479172427066, -0.4949476205877925]
[0.6577345093653105, -0.23160871061254928, 0.14281009699098293, 0.7201017508251669, 0.043391681556482375, 0.42650907742546873, 0.5993828260771761, -0.48890301147222104]
[0.6644753031163544, -0.22514217775762896, 0.1407749850024203, 0.7288513914448788, 0.04525254165380849, 0.42842479808410483, 0.6031177349116456, -0.48285840235664956]
[0.6712280062272004, -0.21872587227924473, 0.1387315312357912, 0.7375081288614523, 0.04699844200008163, 0.430274897039869, 0.606852643746115, -0.4768137932410781]
[0.6779917075945847, -0.21236001896696488, 0.13667985677821787, 0.7460695327480534, 0.04863181395584376, 0.43205872005378554, 0.6105875525805845, -0.4707691841255066]
[0.6847654920888155, -0.20604482584572742, 0.1346200832039486, 0.7545332350336594, 0.05015514272614463, 0.43377562493459076, 0.614322461415054, -0.46472457500993514]
[0.6915484408629513, -0.19978048410442506, 0.13255233256715399, 0.7628969311115843, 0.05157096577485398, 0.4354249816836185, 0.6180573702495235, -0.45867996589436366]
[0.6983396316632446, -0.1935671680301958, 0.1304767273946942, 0.7711583810078627, 0.05288187121145188, 0.4370061726373242, 0.6217922790839929, -0.4526353567787922]
[0.7051381391407424, -0.18740503494843835, 0.1283933906788587, 0.7793154105088508, 0.05409049615131395, 0.43851859260741943, 0.6255271879184624, -0.4465907476632207]
[0.711943035163937, -0.1812942251685739, 0.12630244587007805, 0.7873659122474373, 0.05519952505051712, 0.4399616490185867, 0.6292620967529319, -0.44054613854764924]
[0.718753389132365, -0.17523486193557336, 0.12420401686960897, 0.795307846747287, 0.056211688016204575, 0.4413347620437473, 0.6329970055874014, -0.43450152943207776]
[0.7255682682910457, -0.16922705138726518, 0.12209822802219215, 0.8031392434245553, 0.0571297590935691, 0.4426373647368531, 0.6367319144218709, -0.4284569203165063]
[0.7323867380456506, -0.16327088251743904, 0.11998520410868423, 0.8108582015465416, 0.05795655453051815, 0.4438689031631758, 0.6404668232563404, -0.4224123112009348]
[0.7392078622783009, -0.15736642714475735, 0.11786507033866368, 0.8184628911467847, 0.05869493102110321, 0.44502883652706593, 0.64420173209081, -0.41636770208536333]
[0.746030703663884, -0.1515137398874863, 0.11573795234301147, 0.8259515538961195, 0.059347783928801634, 0.4461166372971556, 0.6479366409252795, -0.41032309296979186]
[0.7528543239867813, -0.14571285814405316, 0.11360397616646659, 0.8333225039292456, 0.059918045490756355, 0.44713179132897884, 0.651671549759749, -0.4042784838542204]
[0.7596777844579019, -0.1399638020794386, 0.11146326826015714, 0.8405741286263892, 0.06040868300408089, 0.44807379798498387, 0.6554064585942185, -0.3982338747386489]
[0.7665001460319113, -0.134266574617406, 0.10931595547410734, 0.8477048893496605, 0.060822696995356945, 0.44894217025191285, 0.6591413674286881, -0.39218926562307743]
[0.7733204697245526, -0.12862116143857383, 0.10716216504972095, 0.8547133221337454, 0.061163119374447794, 0.4497364348555246, 0.6628762762631576, -0.38614465650750596]
[0.7801378169299474, -0.12302753098432812, 0.10500202461224133, 0.8615980383305883, 0.061433011573772206, 0.45045613237263527, 0.6666111850976271, -0.3801000473919345]
[0.7869512497377736, -0.11748563446657662, 0.10283566216318893, 0.8683577252077643, 0.061635462674179686, 0.4511008173404555, 0.6703460939320967, -0.374055438276363]
[0.7937598312502068, -0.11199540588333912, 0.1006632060727764, 0.8749911465002478, 0.061773587518582335, 0.4516700583632003, 0.6740810027665662, -0.36801082916079153]
[0.8005626258985257, -0.10655676204017106, 0.09848478507230189, 0.8814971429153423, 0.061850524814498486, 0.4521634382159483, 0.6778159116010357, -0.36196622004522006]
[0.8073586997592662, -0.10116960257741003, 0.0963005282465209, 0.8878746325905305, 0.06186943522667546, 0.4525805539457304, 0.6815508204355052, -0.3559216109296486]
[0.8141471208698238, -0.09583381000323976, 0.09411056502599725, 0.8941226115040636, 0.061833499460953706, 0.45292101696982634, 0.6852857292699748, -0.3498770018140771]
[0.8209269595433901, -0.09054924973255618, 0.09191502517943355, 0.9002401538381145, 0.06174591634055021, 0.4531844531712472, 0.6890206381044444, -0.34383239269850563]
[0.8276972886831261, -0.08531577013162672, 0.08971403880598151, 0.906226412294368, 0.061609900875930296, 0.45337050299138465, 0.6927555469389138, -0.33778778358293415]
[0.8344571840954553, -0.08013320256852374, 0.0875077363275329, 0.9120806183619297, 0.06142868232944859, 0.4534788215198082, 0.6964904557733833, -0.3317431744673627]
[0.8412057248023803, -0.07500136146931807, 0.08529624848099117, 0.9178020825374865, 0.06120550227593549, 0.45350907858118955, 0.7002253646078529, -0.3256985653517912]
[0.8479419933527075, -0.06992004438001148, 0.08307970631052448, 0.9233901944976588, 0.06094361266041054, 0.4534609588193384, 0.7039602734423224, -0.3196539562362197]
[0.8546650761320843, -0.06488903203418894, 0.08085824115980067, 0.9288444232235352, 0.060646273854100013, 0.4533341617783284, 0.707695182276792, -0.31360934712064825]
[0.8613740636717343, -0.05990808842636566, 0.07863198466420411, 0.9341643170773881, 0.06031675270994108, 0.45312840198069937, 0.7114300911112614, -0.3075647380050768]
[0.8680680509557939, -0.054976960891006454, 0.07640106874303575, 0.9393495038316193, 0.05995832061874662, 0.4528434090027166, 0.715164999945731, -0.3015201288895053]
[0.8747461377271388, -0.050095380187188066, 0.0741656255916959, 0.9443996906499917, 0.05957425156721062, 0.4524789275466733, 0.7188999087802005, -0.2954755197739338]
[0.881407428791605, -0.045263060588878495, 0.07192578767385092, 0.9493146640212559, 0.05916782019892365, 0.45203471751021873, 0.7226348176146701, -0.28943091065836235]
[0.888051034320491, -0.040479699980799894, 0.069681687713584, 0.9540942896452822, 0.058742299879571525, 0.45151055405269797, 0.7263697264491396, -0.2833863015427909]
[0.8946760701512502, -0.035744979959845546, 0.06743345868753034, 0.9587385122718692, 0.058300960767479454, 0.45090622765848976, 0.7301046352836091, -0.2773416924272194]
[0.9012816580862603, -0.03105856594201306, 0.06518123381699753, 0.963247355492394, 0.057847067890666834, 0.45022154419732763, 0.7338395441180786, -0.2712970833116479]
[0.9078669261895789, -0.02642010727482197, 0.06292514656007137, 0.9676209214845309, 0.05738387923156221, 0.449456324981591, 0.7375744529525482, -0.26525247419607645]
[0.914431009081574, -0.021829237355172282, 0.06066533060370762, 0.9718593907102642, 0.05691464382053456, 0.44861040682055525, 0.7413093617870177, -0.259207865080505]
[0.9209730482313417, -0.01728557375261003, 0.058401919855810315, 0.9759630215674772, 0.05644259983937512, 0.4476836420715871, 0.7450442706214873, -0.2531632559649335]
[0.9274921922467985, -0.01278871833795156, 0.05613504843729682, 0.9799321499953979, 0.05597097273587277, 0.4466758986882755, 0.7487791794559567, -0.24711864684936205]
[0.9339875971623632, -0.008338257417229794, 0.0538648506741504, 0.98376718903424, 0.055502973350600074, 0.4455870602654858, 0.7525140882904262, -0.2410740377337906]
[0.9404584267241198, -0.003933761870910407, 0.05159146108946055, 0.987468628339376, 0.05504179605703615, 0.44441702608132866, 0.7562489971248958, -0.23502942861821915]
[0.9469038526723725, 0.00042521270166312464, 0.04931501439545171, 0.9910370336504343, 0.0545906169161256, 0.44316571113603337, 0.7599839059593653, -0.2289848195026477]
[0.9533230550214917, 0.004739125832650265, 0.04703564548550072, 0.9944730462157135, 0.05415259184637813, 0.4418330461877161, 0.7637188147938349, -0.22294021038707626]
[0.9597152223369612, 0.00900845203096512, 0.04475348942614356, 0.9977773821723573, 0.053730854810587814, 0.4404189777850374, 0.7674537236283043, -0.2168956012715048]
[0.9660795520095268, 0.013233680622457167, 0.04246868144907186, 1.0009508318827383, 0.05332851602025372, 0.4389234682967372, 0.7711886324627739, -0.21085099215593336]
[0.9724152505263594, 0.017415315585069174, 0.04018135694311958, 1.0039942592275448, 0.05294866015875681, 0.4373464959380445, 0.7749235412972434, -0.20480638304036192]
[0.9787215337391357, 0.021553875379034526, 0.03789165144624036, 1.006908600856075, 0.05259434462434887, 0.43568805479395273, 0.778658450131713, -0.19876177392479047]
[0.9849976271289497, 0.025649892772165228, 0.03559970063747617, 1.0096948653942779, 0.052268597793983684, 0.4339481548393559, 0.7823933589661825, -0.19271716480921905]
[0.9904405083139957, 0.02918432197634116, 0.033601098966573255, 1.012018852564681, 0.05201041666357421, 0.43236587231137164, 0.7856474230065942, -0.18745075911283493]
[0.9904405083139957, 0.02918432197634116, 0.033601098966573255, 1.012018852564681, 0.05201041666357421, 0.43236587231137164, 0.7856474230065942, -0.18745075911283493]
[1.0059474838230733, 0.027770102886105846, 0.038091626347567104, 1.0243552478055993, 0.046555338540738234, 0.43722602620125495, 0.7976786127306864, -0.18476955302803189]
[1.0213253531337307, 0.0262535743996348, 0.0425734955342859, 1.0364225532223166, 0.04111722531404982, 0.4420120345249291, 0.8097098024547786, -0.18208834694322884]
[1.0365708381942296, 0.024639031662120697, 0.047045687801674986, 1.048221326668803, 0.035704708174598726, 0.4467228286561716, 0.821740992178871, -0.1794071408584258]
[1.0516808044746695, 0.022930875616000185, 0.051507186624235174, 1.0597524014834878, 0.030326403587825936, 0.45135735292124346, 0.8337721819029632, -0.17672593477362275]
[1.0666522643813263, 0.021133608205209764, 0.05595697790707826, 1.0710168861326574, 0.0249909044948686, 0.45591456483636955, 0.8458033716270554, -0.1740447286888197]
[1.0814823805108023, 0.019251827469333488, 0.06039405021642981, 1.0820161635723533, 0.019706771521652382, 0.46039343534289784, 0.8578345613511477, -0.17136352260401666]
[1.0961684687404365, 0.01729022253299481, 0.06481739500952728, 1.0927518903289017, 0.01448252420475779, 0.46479294904008983, 0.8698657510752399, -0.16868231651921362]
[1.110708001151616, 0.015253568495950276, 0.06922600686386089, 1.1032259952985082, 0.009326632243077771, 0.46911210441548673, 0.8818969407993321, -0.16600111043441057]
[1.1250986087827872, 0.01314672122946145, 0.0736188837057053, 1.1134406782666142, 0.004247506784284006, 0.4733499140727995, 0.8939281305234243, -0.16331990434960753]
[1.1393380842091791, 0.010974612084612645, 0.07799502703789013, 1.1233984081480362, -0.0007465082449108328, 0.4775054049572712, 0.9059593202475166, -0.16063869826480448]
[1.153424383946418, 0.008742242518348403, 0.08235344216675754, 1.1331019209491646, -0.005647144755726042, 0.4815776185784599, 0.9179905099716088, -0.15795749218000144]
[1.167355630675413, 0.006454678643087797, 0.08669313842825518, 1.1425542174538097, -0.010446219052596774, 0.4855656112303919, 0.930021699695701, -0.1552762860951984]
[1.1811301152860936, 0.00411704570585511, 0.09101312941311339, 1.1517585606345622, -0.015135640317892714, 0.4894684542090347, 0.9420528894197933, -0.15259508001039535]
[1.194746298737763, 0.0017345225029520017, 0.09531243319105508, 1.1607184727918174, -0.019707419017243114, 0.49328523402703806, 0.9540840791438856, -0.1499138739255923]
[1.2082028137340441, -0.0006876642637468622, 0.09959007253398776, 1.1694377324229046, -0.024153675216719208, 0.49701505262569734, 0.9661152688679778, -0.14723266784078926]
[1.2214984662105894, -0.0031442456827144305, 0.1038450751381265, 1.1779203708240364, -0.028466646803184927, 0.500657027584086, 0.9781464585920701, -0.1445514617559862]
[1.234632236633936, -0.00562991637470564, 0.10807647384499797, 1.1861706684280822, -0.032638697599225844, 0.5042102923253133, 0.9901776483161623, -0.14187025567118317]
[1.247603281110085, -0.008139340274437773, 0.1122833068612745, 1.1941931508814345, -0.036662325364144335, 0.5076739963198542, 1.0022088380402545, -0.13918904958638012]
[1.260410932301603, -0.010667156445721082, 0.11646461797738908, 1.201992584863528, -0.040530169672625405, 0.51104730528591, 1.0142400277643469, -0.13650784350157708]
[1.2730547001522385, -0.013207984923693822, 0.12061945678488087, 1.209573973652821, -0.044235019662776445, 0.5143294013867488, 1.0262712174884392, -0.13382663741677403]
[1.285534272418269, -0.015756432577794563, 0.12474687889242225, 1.2169425524433406, -0.047769821645370775, 0.51751948342498, 1.0383024072125315, -0.13114543133197099]
[1.2978495150059979, -0.01830709898908202, 0.12884594614047823, 1.2241037834161326, -0.0511276865662527, 0.5206167670337205, 1.0503335969366239, -0.12846422524716794]
[1.3100004721150313, -0.020854582335489452, 0.13291572681454925, 1.231063350570238, -0.05430189731399351, 0.5236204848646033, 1.0623647866607162, -0.1257830191623649]
[1.3219873661871824, -0.023393485278603687, 0.13695529585694904, 1.2378271543180577, -0.057285915865040775, 0.5265298867725883, 1.0743959763848085, -0.12310181307756186]
[1.3338105976610541, -0.025918420845544285, 0.1409637350770697, 1.2444013058502288, -0.0600733902587483, 0.5293442399975276, 1.0864271661089009, -0.12042060699275883]
[1.3454707445325733, -0.02842401829953689, 0.1449401333600852, 1.2507921212753732, -0.06265816139484451, 0.5320628293424459, 1.0984583558329932, -0.1177394009079558]
[1.35696856172195, -0.03090492899277393, 0.14888358687404749, 1.257006115540329, -0.06503426964605774, 0.5346849573484906, 1.1104895455570856, -0.11505819482315277]
[1.368304980247757, -0.03335583219518698, 0.15279319927532645, 1.263049996136701, -0.06719596127880188, 0.537209944466513, 1.122520735281178, -0.11237698873834974]
[1.3794811062090262, -0.03577144089277391, 0.156668081912348, 1.268930656599809, -0.06913769467500613, 0.5396371292252342, 1.1345519250052702, -0.10969578265354671]
[1.390498219576474, -0.03814650754915733, 0.16050735402758406, 1.274655169806319, -0.07085414634836587, 0.541965868395962, 1.1465831147293626, -0.10701457656874368]
[1.4013577727941726, -0.04047582982409789, 0.16431014295774776, 1.2802307810770834, -0.07234021674849372, 0.544195537153814, 1.158614304453455, -0.10433337048394065]
[1.4120613891931924, -0.04275425624272172, 0.1680755843321493, 1.2856649010919026, -0.07359103584665308, 0.5463255292354092, 1.1706454941775473, -0.1016521643991376]
[1.4226108612189428, -0.044976691809287796, 0.17180282226916643, 1.2909650986231491, -0.07460196849697368, 0.5483552570929902, 1.1826766839016394, -0.09897095831433457]
[1.433008148474149, -0.04713810355936812, 0.17549100957078578, 1.296139093095376, -0.07536861956726554, 0.5502841520449381, 1.1947078736257317, -0.09628975222953153]
[1.4432553755795912, -0.049233526044394474, 0.17913930791517022, 1.3011947469782286, -0.07588683883377828, 0.5521116644226425, 1.2067390633498238, -0.0936085461447285]
[1.4533548298549466, -0.05125806674258539, 0.1827468880472086, 1.3061400580201712, -0.07615272563448149, 0.5538372637136911, 1.2187702530739162, -0.09092734005992545]
[1.4633089588222554, -0.05320691139036113, 0.1863129299670048, 1.310983151330697, -0.07616263327568547, 0.5554604387013431, 1.2308014427980083, -0.08824613397512242]
[1.4731203675347377, -0.05507532922842717, 0.18983662311626323, 1.3157322713188813, -0.07591317318706182, 0.5569806976002509, 1.2428326325221006, -0.08556492789031937]
[1.4827918157338709, -0.05685867815681372, 0.19331716656252754, 1.32039577349628, -0.07540121882037787, 0.5583975681883977, 1.2548638222461928, -0.08288372180551634]
[1.492326214837829, -0.058552409793244296, 0.19675376918123236, 1.324982116152343, -0.07462390928751068, 0.5597105979352154, 1.266895011970285, -0.0802025157207133]
[1.5017266247645629, -0.060152074429325186, 0.200145649835525, 1.3294998519106453, -0.07357865273357034, 0.560919354125853, 1.2789262016943772, -0.07752130963591027]
[1.5088887951993815, -0.06131907478450324, 0.2027311842899083, 1.3329435151300615, -0.07258776528250589, 0.5617803105049554, 1.2882073502987623, -0.07545296289026737]
[1.5088887951993815, -0.06131907478450324, 0.2027311842899083, 1.3329435151300615, -0.07258776528250589, 0.5617803105049554, 1.2882073502987623, -0.07545296289026737]
[1.506232793740296, -0.050338049755416836, 0.20287792849046793, 1.330210992583929, -0.06961979154727672, 0.5615484457498887, 1.2865479336852947, -0.07440272083214605]
[1.5031303112030145, -0.039418161752155324, 0.20302458329635775, 1.3273990750528708, -0.06674253150407994, 0.5613148447587684, 1.2848885170718272, -0.07335247877402473]
[1.4995848344927496, -0.028579465651596546, 0.2031711486429569, 1.3245137492913701, -0.06395912874396907, 0.561079509212924, 1.2832291004583596, -0.07230223671590341]
[1.4956007504859625, -0.017841826205353482, 0.20331762446568385, 1.321561118808218, -0.061272372019038915, 0.560842440801278, 1.281569683844892, -0.07125199465778209]
[1.4911833359758988, -0.007224877691768661, 0.2034640106999966, 1.318547384070018, -0.058684691346157496, 0.5606036412203381, 1.2799102672314244, -0.07020175259966077]
[1.4863387458109827, 0.0032520159120331266, 0.20361030728139246, 1.31547882260168, -0.056198155172953325, 0.5603631121741881, 1.2782508506179568, -0.06915151054153945]
[1.4810739992525208, 0.013569800157175141, 0.20375651414540846, 1.312361769039366, -0.053814468606925694, 0.5601208553744811, 1.2765914340044893, -0.06810126848341813]
[1.475396964581779, 0.0237097686696099, 0.203902631227621, 1.3092025951912034, -0.051534972705707824, 0.5598768725404307, 1.2749320173910217, -0.06705102642529681]
[1.4693163419900503, 0.03365360093820925, 0.20404865846364614, 1.3060076901607853, -0.04936064482369078, 0.559631165398803, 1.273272600777554, -0.06600078436717549]
[1.4628416447887966, 0.043383399267968054, 0.20419459578913948, 1.30278344058803, -0.04729210000741718, 0.5593837356839079, 1.2716131841640865, -0.06495054230905417]
[1.4559831789803526, 0.0528817248237277, 0.20434044313979619, 1.2995362110614022, -0.04532959342938865, 0.559134585137592, 1.269953767550619, -0.06390030025093285]
[1.4487520212329816, 0.06213163269177846, 0.20448620045135124, 1.2962723247547756, -0.043473023847199366, 0.558883715509229, 1.2682943509371514, -0.06285005819281153]
[1.4411599953072909, 0.07111670588879895, 0.20463186765957914, 1.292998044341368, -0.041721938072224865, 0.5586311285557126, 1.2666349343236838, -0.06179981613469022]
[1.4332196469841234, 0.07982108824983104, 0.20477744470029413, 1.2897195532361865, -0.04007553642946117, 0.5583768260414472, 1.2649755177102162, -0.060749574076568905]
[1.424944217547058, 0.08822951612936775, 0.20492293150935018, 1.2864429372173114, -0.03853267918753425, 0.5581208097383403, 1.2633161010967486, -0.05969933201844759]
[1.4163476158755377, 0.09632734885214173, 0.20506832802264105, 1.2831741664750986, -0.0370918939353872, 0.5578630814257934, 1.261656684483281, -0.05864908996032628]
[1.407444389207428, 0.10410059785283915, 0.20521363417610025, 1.2799190781370133, -0.03575138387971419, 0.5576036428906942, 1.2599972678698135, -0.057598847902204965]
[1.3982496926324566, 0.11153595444672272, 0.20535884990570116, 1.2766833593143225, -0.03450903703484247, 0.5573424959274075, 1.258337851256346, -0.05654860584408365]
[1.3887792573805107, 0.11862081617602233, 0.2055039751474569, 1.2734725307152654, -0.03336243627448432, 0.5570796423377674, 1.2566784346428783, -0.05549836378596234]
[1.3790493579711602, 0.12534331167993437, 0.20564900983742063, 1.2702919308676166, -0.03230887021258533, 0.5568150839310684, 1.2550190180294107, -0.054448121727841026]
[1.3690767782930207, 0.1316923240391594, 0.2057939539116852, 1.2671467009917232, -0.03134534487839405, 0.5565488225240565, 1.2533596014159432, -0.05339787966971971]
[1.3588787766836827, 0.1376575125490903, 0.20593880730638356, 1.264041770563188, -0.030468596148875704, 0.5562808599409209, 1.2517001848024756, -0.0523476376115984]
[1.3484730500828912, 0.1432293328790384, 0.2060835699576885, 1.2609818436023423, -0.029675102899692857, 0.556011198013286, 1.250040768189008, -0.051297395553477086]
[1.3378776973334656, 0.1483990555782403, 0.20622824180181293, 1.2579713857255492, -0.028961100834184517, 0.5557398385802013, 1.2483813515755404, -0.05024715349535577]
[1.3271111817061108, 0.15315878289282547, 0.20637282277500965, 1.2550146119911816, -0.028322596948093304, 0.5554667834881342, 1.2467219349620728, -0.04919691143723446]
[1.3161922927257543, 0.157501463861423, 0.2065173128135715, 1.2521154755708404, -0.027755384586229614, 0.5551920345909599, 1.2450625183486053, -0.04814666937911315]
[1.3051401073783955, 0.1614209076606549, 0.20666171185383148, 1.2492776572740447, -0.02725505904581424, 0.5549155937499538, 1.2434031017351377, -0.047096427320991834]
[1.2939739507786039, 0.16491179517538, 0.20680601983216262, 1.2465045559521946, -0.026817033679922303, 0.5546374628337818, 1.24174368512167, -0.04604618526287052]
[1.2827133563788276, 0.1679696887722204, 0.2069502366849781, 1.2437992798051423, -0.02643655645325499, 0.5543576437184922, 1.2400842685082025, -0.04499594320474921]
[1.2713780258024985, 0.1705910402586081, 0.20709436234873121, 1.2411646386111792, -0.026108726901399926, 0.5540761382875059, 1.238424851894735, -0.043945701146627894]
[1.2599877883835946, 0.17277319701332633, 0.20723839675991554, 1.2386031368986608, -0.025828513443808737, 0.5537929484316086, 1.2367654352812674, -0.04289545908850658]
[1.2485625604958193, 0.17451440627828385, 0.2073823398550647, 1.2361169680748814, -0.025590770999914136, 0.553508076048941, 1.2351060186677998, -0.04184521703038527]
[1.2371223047548794, 0.1758138176050376, 0.2075261915707527, 1.2337080095251545, -0.025390258857149045, 0.5532215230449901, 1.2334466020543322, -0.040794974972263955]
[1.2256869891775082, 0.17667148345336525, 0.20766995184359374, 1.2313778186923738, -0.025221658739096847, 0.5529332913325801, 1.2317871854408646, -0.03974473291414264]
[1.2142765463808562, 0.17708835794297967, 0.2078136206102423, 1.2291276301446368, -0.02507959302161117, 0.5526433828318638, 1.2301277688273973, -0.03869449085602133]
[1.2029108329056897, 0.17706629376325514, 0.20795719780739327, 1.2269583536357878, -0.024958643044492856, 0.5523517994703127, 1.2284683522139297, -0.037644248797900015]
[1.191609588746479, 0.1766080372496033, 0.2081006833717818, 1.2248705731610334, -0.02485336746619196, 0.5520585431827089, 1.2268089356004623, -0.0365940067397787]
[1.180392397170929, 0.17571722163888015, 0.20824407724018346, 1.222864547007046, -0.024758320609033935, 0.5517636159111348, 1.2251495189869948, -0.03554376468165739]
[1.1692786449108088, 0.17439835851991858, 0.20838737934941415, 1.2209402087932775, -0.02466807074262517, 0.5514670196049651, 1.2234901023735274, -0.034493522623536076]
[1.1582874828050782, 0.17265682749895855, 0.20853058963633034, 1.2190971694984964, -0.02457721825339812, 0.5511687562208567, 1.22183068576006, -0.03344328056541476]
[1.1474377869752719, 0.17049886410337553, 0.2086737080378288, 1.2173347204638887, -0.02448041364869072, 0.5508688277227397, 1.2201712691465925, -0.03239303850729345]
[1.1367481206119248, 0.16793154595068938, 0.20881673449084695, 1.2156518373614247, -0.02437237534432979, 0.5505672360818085, 1.2185118525331249, -0.031342796449172136]
[1.1262366964494537, 0.16496277721335267, 0.2089596689323626, 1.214047185113563, -0.02424790718538969, 0.5502639832765118, 1.2168524359196575, -0.03029255439105082]
[1.1159213400054235, 0.16160127141326958, 0.2091025112993941, 1.2125191237478177, -0.024101915650641237, 0.5499590712925441, 1.2151930193061902, -0.029242312332929503]
[1.1058194536584454, 0.15785653258337426, 0.20924526152900053, 1.2110657151671678, -0.02392942669216694, 0.5496525021228353, 1.2135336026927226, -0.02819207027480819]
[1.0959479816371587, 0.15373883483689635, 0.20938791955828132, 1.2096847308148426, -0.023725602162715465, 0.5493442777675424, 1.2118741860792552, -0.027141828216686877]
[1.0863233759907773, 0.14925920038814855, 0.2095304853243768, 1.2083736602095931, -0.023485755784583534, 0.549034400234039, 1.2102147694657877, -0.026091586158565563]
[1.076961563609596, 0.14442937607178868, 0.2096729587644677, 1.207129720325232, -0.023205368615150018, 0.5487228715369068, 1.2085553528523203, -0.02504134410044425]
[1.0678779143615968, 0.13926180841052416, 0.20981533981577566, 1.2059498657859515, -0.022880103965642107, 0.548409693697925, 1.206895936238853, -0.023991102042322937]
[1.0590872104089464, 0.133769617284136, 0.2099576284155628, 1.2048307998467467, -0.022505821731276854, 0.5480948687460623, 1.2052365196253854, -0.022940859984201624]
[1.0506036167656612, 0.12796656825549657, 0.2100998245011322, 1.203768986126163, -0.022078592092598603, 0.5477783987174653, 1.2035771030119178, -0.02189061792608031]
[1.042440653155103, 0.12186704361193598, 0.21024192800982755, 1.2027606610565755, -0.021594708549608654, 0.5474602856554505, 1.2019176863984504, -0.020840375867958998]
[1.0346111672232312, 0.11548601218286725, 0.21038393887903334, 1.2018018470152891, -0.021050700252163934, 0.5471405316104944, 1.200258269784983, -0.019790133809837684]
[1.027127309160693, 0.10883899799701119, 0.21052585704617507, 1.200888366097928, -0.020443343592090574, 0.5468191386402234, 1.1985988531715155, -0.01873989175171637]
[1.0200005077838672, 0.10194204784485494, 0.21066768244871878, 1.2000158544938653, -0.019769673024522316, 0.5464961088094037, 1.196939436558048, -0.017689649693595058]
[1.0132414481219423, 0.0948116978141391, 0.21080941502417164, 1.1991797774218438, -0.01902699108811616, 0.5461714441899329, 1.1952800199445806, -0.01663940763547374]
[1.0068600505539462, 0.08746493886818237, 0.21095105471008158, 1.1983754445824277, -0.018212877596022373, 0.5458451468608291, 1.1936206033311132, -0.015589165577352427]
[1.0008654515364315, 0.07991918153872568, 0.21109260144403752, 1.1975980260825674, -0.017325197971780726, 0.5455172189082214, 1.1919611867176456, -0.014538923519231112]
[0.9952659859591957, 0.07219221980669745, 0.21123405516366933, 1.196842568786284, -0.016362110706675925, 0.5451876624253402, 1.190301770104178, -0.013488681461109797]
[0.9900691711630407, 0.064302194245872, 0.2113754158066479, 1.196104013044347, -0.01532207391750838, 0.544856479512507, 1.1886423534907107, -0.012438439402988482]
[0.9852816926501249, 0.05626755450580538, 0.21151668331068502, 1.1953772097548103, -0.01420385098621027, 0.5445236722771252, 1.186982936877243, -0.011388197344867167]
[0.9809093915139588, 0.048107021211687376, 0.21165785761353367, 1.1946569377053908, -0.013006515265263217, 0.5441892428336692, 1.1853235202637757, -0.010337955286745852]
[0.9769572536125297, 0.039839547359843894, 0.2117989386529877, 1.1939379211479069, -0.011729453835433903, 0.543853193303675, 1.1836641036503082, -0.009287713228624537]
[0.97342940050445, 0.031484279288553324, 0.21193992636688236, 1.1932148475543942, -0.010372370304946324, 0.5435155258157309, 1.1820046870368408, -0.008237471170503222]
[0.9703290821643791, 0.023060517304608383, 0.21208082069309367, 1.1924823855040065, -0.008935286641833358, 0.5431762425054653, 1.1803452704233732, -0.0071872291123819074]
[0.9676586714903078, 0.014587676046655274, 0.2122216215695391, 1.1917352026494767, -0.007418544033857902, 0.5428353455155392, 1.1786858538099059, -0.0061369870542605925]
[0.9654196606116038, 0.006085244666775928, 0.21236232893417706, 1.1909679837116762, -0.005822802773054785, 0.5424928369956346, 1.1770264371964383, -0.005086744996139278]
[0.9636126590030207, -0.002427253087954491, 0.21250294272500733, 1.1901754484507494, -0.004149041164612652, 0.5421487191024444, 1.175367020582971, -0.004036502938017963]
[0.9622373934061629, -0.010930298812104203, 0.21264346288007085, 1.1893523695623371, -0.002398553462483636, 0.5418029939996629, 1.1737076039695034, -0.0029862608798966474]
[0.9612927095561985, -0.019404419314954437, 0.21278388933744982, 1.188493590447608, -0.0005729468367701301, 0.5414556638579751, 1.172048187356036, -0.0019360188217753323]
[0.9607765757079119, -0.02783022634847787, 0.21292422203526773, 1.187594042806132, 0.001325862619413462, 0.5411067308550467, 1.1703887707425684, -0.000885776763654017]
[0.9606860879515176, -0.03618845610910553, 0.21306446091168937, 1.1866487640011028, 0.003295654833278129, 0.5407561971755137, 1.168729354129101, 0.00016446529446729834]
[0.961017477304993, -0.044460008432731325, 0.213204605904921, 1.1856529141469971, 0.005333911632969958, 0.5404040650109723, 1.1670699375156335, 0.0012147073525886137]
[0.9617661185660775, -0.05262598560313745, 0.21334465695320998, 1.1846017928705, 0.007437823549957534, 0.5400503365599685, 1.1654105209021661, 0.0022649494107099288]
[0.9629265409034912, -0.0606677306949204, 0.2134846139948454, 1.1834908556963681, 0.009604297525176178, 0.5396950140279875, 1.1637511042886985, 0.003315191468831244]
[0.964492440163402, -0.06856686537305495, 0.21362447696815742, 1.1823157300108984, 0.011829965498426714, 0.5393380996274437, 1.1620916876752312, 0.00436543352695256]
[0.9664566928636766, -0.07630532707244841, 0.21376424581151793, 1.1810722305567682, 0.014111193858100737, 0.5389795955776702, 1.1604322710617636, 0.005415675585073876]
[0.968811371845041, -0.08386540548220933, 0.21390392046334022, 1.179756374414258, 0.016444093725935582, 0.5386195041049082, 1.158772854448296, 0.006465917643195191]
[0.9715477635449113, -0.09122977826087776, 0.21404350086207896, 1.1783643954252054, 0.018824532049200662, 0.5382578274422964, 1.1571134378348287, 0.007516159701316507]
[0.9746563868563863, -0.0983815459105373, 0.21418298694623053, 1.1768927580175124, 0.021248143470486064, 0.5378945678298609, 1.155454021221361, 0.008566401759437823]
[0.9781270135316907, -0.10530426573954776, 0.21432237865433273, 1.1753381703896122, 0.023710342943110835, 0.5375297275145046, 1.1537946046078937, 0.00961664381755914]
[0.9819486900862472, -0.11198198484559711, 0.21446167592496504, 1.173697597015978, 0.02620633905809723, 0.537163308749996, 1.1521351879944262, 0.010666885875680454]
[0.9861097611565447, -0.11839927205286878, 0.21460087869674851, 1.1719682704365544, 0.02873114804667566, 0.5367953137969596, 1.1504757713809588, 0.011717127933801771]
[0.9905978942620465, -0.12454124873935134, 0.2147399869083458, 1.1701477022948787, 0.03127960842039369, 0.5364257449228645, 1.1488163547674912, 0.012767369991923086]
[0.9954001059185802, -0.13039361849267597, 0.21487900049846131, 1.1682336935916484, 0.03384639620911381, 0.5360546044020139, 1.1471569381540239, 0.013817612050044403]
[1.0005027890479443, -0.13594269553534927, 0.21501791940584103, 1.1662243441225566, 0.036426040755493355, 0.5356818945155346, 1.1454975215405563, 0.014867854108165717]
[1.0058917416258932, -0.14117543186284828, 0.21515674356927278, 1.164118061071384, 0.039012941022960684, 0.535307617551366, 1.143838104927089, 0.015918096166287032]
[1.011552196508194, -0.14607944304075834, 0.21529547292758613, 1.1619135667315643, 0.04160138237272973, 0.53493177580425, 1.1421786883136213, 0.01696833822440835]
[1.0174688523721218, -0.15064303260995146, 0.21543410741965227, 1.1596099053317568, 0.044185553764041846, 0.5345543715757188, 1.140519271700154, 0.018018580282529666]
[1.0236259057085566, -0.15485521505172498, 0.2155726469843844, 1.1572064489433262, 0.04675956533058587, 0.5341754071740858, 1.1388598550866864, 0.019068822340650982]
[1.0300070837977802, -0.1587057372678331, 0.2157110915607373, 1.154702902450081, 0.04931746628493314, 0.5337948849144335, 1.137200438473219, 0.0201190643987723]
[1.036595678600143, -0.16218509853344826, 0.21584944108770793, 1.1520993075630952, 0.0518532631018348, 0.5334128071186033, 1.1355410218597515, 0.021169306456893616]
[1.0433745814909945, -0.16528456888427356, 0.21598769550433483, 1.1493960458659989, 0.0543609379303667, 0.5330291761151841, 1.1338816052462841, 0.022219548515014932]
[1.0503263187676304, -0.1679962059022872, 0.2161258547496986, 1.1465938408786864, 0.05683446718417365, 0.5326439942395016, 1.1322221886328165, 0.02326979057313625]
[1.0574330878545308, -0.17031286986793015, 0.21626391876292173, 1.143693759130026, 0.059267840258464294, 0.5322572638336074, 1.1305627720193492, 0.024320032631257565]
[1.064676794131825, -0.1722282372499367, 0.21640188748316866, 1.1406972102327833, 0.06165507832194414, 0.5318689872462679, 1.1289033554058816, 0.025370274689378882]
[1.0720390883107538, -0.1737368125074527, 0.21653976084964596, 1.1376059459566592, 0.06399025313153392, 0.5314791668329534, 1.1272439387924142, 0.0264205167475002]
[1.0795014042788718, -0.17483393818258006, 0.21667753880160198, 1.1344220582980096, 0.06626750581753343, 0.5310878049558265, 1.1255845221789467, 0.027470758805621515]
[1.087044997336882, -0.17551580326501454, 0.21681522127832736, 1.1311479765475154, 0.06848106558682343, 0.530694903983732, 1.1239251055654793, 0.028521000863742832]
[1.0946509827482926, -0.17577944981401397, 0.21695280821915452, 1.127786463359763, 0.07062526829177726, 0.5303004662921844, 1.1222656889520117, 0.02957124292186415]
[1.1023003745225597, -0.17562277782651944, 0.21709029956345827, 1.124340609831385, 0.07269457481276878, 0.5299044942633584, 1.1206062723385442, 0.030621484979985465]
[1.109974124352, -0.1750445483438645, 0.2172276952506554, 1.120813829597085, 0.07468358920250914, 0.529506990286076, 1.1189468557250768, 0.03167172703810678]
[1.1176531606225573, -0.17404438479312398, 0.21736499522020478, 1.117209851955523, 0.0765870765409318, 0.5291079567557966, 1.1172874391116092, 0.03272196909622809]
[1.1253184274184649, -0.17262277256277841, 0.21750219941160762, 1.1135327140396862, 0.07839998044996821, 0.528707396074605, 1.1156280224981419, 0.033772211154349405]
[1.1329509234409583, -0.17078105681598674, 0.21763930776440726, 1.1097867520489424, 0.08011744021830022, 0.5283053106512008, 1.1139686058846743, 0.03482245321247072]
[1.1405317407614954, -0.16852143854836749, 0.21777632021818924, 1.1059765915625592, 0.08173480748707129, 0.5279017029008862, 1.112309189271207, 0.03587269527059203]
[1.148042103330366, -0.16584696890077483, 0.2179132367125813, 1.1021071369569626, 0.0832476624485427, 0.5274965752455552, 1.1106497726577393, 0.03692293732871335]
[1.1554634051622072, -0.16276154174111915, 0.21805005718725365, 1.0981835599514904, 0.08465182951082673, 0.5270899301136822, 1.108990356044272, 0.037973179386834664]
[1.1627772481206873, -0.159269884532806, 0.21818678158191868, 1.0942112873097796, 0.08594339238309129, 0.5266817699403108, 1.1073309394308044, 0.03902342144495598]
[1.1699654792255696, -0.15537754751085753, 0.2183234098363311, 1.090195987726281, 0.08711870853701864, 0.5262720971670418, 1.105671522817337, 0.0400736635030773]
[1.1770102274064345, -0.1510908911902159, 0.21845994189028808, 1.086143557929647, 0.0881744230018012, 0.5258609142420222, 1.1040121062038695, 0.04112390556119862]
[1.1838939396285904, -0.146417072234113, 0.21859637768362905, 1.0820601080369419, 0.08910748145158304, 0.5254482236199334, 1.1023526895904021, 0.04217414761931993]
[1.1905994163180804, -0.1413640277137142, 0.21873271715623596, 1.077951946194719, 0.08991514254597383, 0.5250340277619802, 1.1006932729769345, 0.04322438967744125]
[1.197109846014243, -0.13594045779349373, 0.21886896024803318, 1.0738255625450392, 0.09059498948610822, 0.5246183291358785, 1.0990338563634672, 0.04427463173556257]
[1.203408839179951, -0.1301558068799807, 0.21900510689898747, 1.0696876125564272, 0.09114494075065163, 0.5242011302158444, 1.0973744397499996, 0.04532487379368389]
[1.2094804611014889, -0.124020243274609, 0.21914115704910822, 1.0655448997615864, 0.09156325997819328, 0.523782433482582, 1.0957150231365322, 0.046375115851805204]
[1.2153092638119827, -0.11754463737441528, 0.21927711063844724, 1.0614043579454282, 0.09184856496458776, 0.5233622414232726, 1.0940556065230647, 0.047425357909926524]
[1.2208803169743874, -0.110740538467241, 0.21941296760709894, 1.0572730328285804, 0.09199983574602574, 0.5229405565315619, 1.0923961899095973, 0.048475599968047844]
[1.2261792376622598, -0.10362015017091342, 0.21954872789520027, 1.0531580632930464, 0.09201642174089986, 0.5225173813075495, 1.0907367732961297, 0.049525842026169165]
[1.2311922189788969, -0.09619630456858738, 0.2196843914429308, 1.0490666621980844, 0.09189804792591186, 0.5220927182577759, 1.0890773566826624, 0.05057608408429048]
[1.2359060574578626, -0.08848243509502988, 0.2198199581905127, 1.0450060968356316, 0.09164482002429726, 0.5216665698952121, 1.0874179400691948, 0.05162632614241179]
[1.2403081791905297, -0.08049254823111239, 0.21995542807821084, 1.0409836690757595, 0.09125722868655488, 0.5212389387392464, 1.0857585234557274, 0.05267656820053311]
[1.2443866646289217, -0.07224119406613873, 0.2200908010463327, 1.037006695253655, 0.0907361526466257, 0.5208098273156742, 1.0840991068422599, 0.05372681025865443]
[1.248130272014951, -0.06374343578987152, 0.2202260770352286, 1.0330824858505288, 0.09008286083908046, 0.5203792381566845, 1.0824396902287925, 0.054777052316775744]
[1.251528459390007, -0.055014818178227856, 0.22036125598529138, 1.029218325021584, 0.08929901346553294, 0.5199471738008491, 1.080780273615325, 0.05582729437489706]
[1.2545714051418495, -0.04607133513858731, 0.22049633783695688, 1.0254214500248446, 0.08838666200119204, 0.5195136367931104, 1.0791208570018576, 0.05687753643301838]
[1.257250027048796, -0.036929396382489973, 0.22063132253070353, 1.0216990306050893, 0.08734824813519214, 0.5190786296847696, 1.07746144038839, 0.0579277784911397]
[1.2595559997843433, -0.027605793295193512, 0.22076621000705265, 1.0180581483875257, 0.08618660164109783, 0.5186421550334742, 1.0758020237749226, 0.05897802054926102]
[1.2614817708485626, -0.018117664073109392, 0.22090100020656842, 1.014505776336029, 0.08490493717674441, 0.5182042154032067, 1.074142607161455, 0.06002826260738233]
[1.2630205748958843, -0.00848245820153505, 0.22103569306985787, 1.0110487583308574, 0.08350685001536245, 0.5177648133642724, 1.0724831905479877, 0.061078504665503644]
[1.2641664464322109, 0.0012820996536482693, 0.2211702885375709, 1.007693788920685, 0.08199631071271596, 0.517323951493287, 1.07082377393452, 0.062128746723624964]
[1.2649142308576868, 0.011158046265548234, 0.22130478655040028, 1.0044473933035944, 0.08037765871777053, 0.5168816323731648, 1.0691643573210527, 0.06317898878174628]
[1.265259593834862, 0.02112721690139678, 0.2214391870490818, 1.0013159075913134, 0.07865559493717814, 0.5164378585931065, 1.0675049407075852, 0.0642292308398676]
[1.26519902896547, 0.031171282736756303, 0.22157348997439424, 0.9983054594105149, 0.07683517326662252, 0.5159926327485875, 1.0658455240941178, 0.06527947289798892]
[1.264729863762501, 0.041271788551676736, 0.22170769526715925, 0.9954219488943536, 0.07492179110480132, 0.5155459574413449, 1.0641861074806502, 0.06632971495611024]
[1.2638502639077984, 0.051410190631216, 0.22184180286824165, 0.9926710301166763, 0.0729211788685234, 0.5150978352793659, 1.0625266908671829, 0.06737995701423156]
[1.2625592357888973, 0.061567894792427164, 0.2219758127185492, 0.990058093020421, 0.07083938853006219, 0.5146482688768756, 1.0608672742537153, 0.06843019907235288]
[1.2608566273123936, 0.07172629445976819, 0.22210972475903273, 0.9875882458907179, 0.068682781200528, 0.5141972608543247, 1.059207857640248, 0.0694804411304742]
[1.2587431269946436, 0.08186680871090159, 0.22224353893068624, 0.9852662984220188, 0.06645801378558909, 0.5137448138383767, 1.0575484410267804, 0.07053068318859552]
[1.256220261334136, 0.09197092021502404, 0.22237725517454682, 0.983096745427307, 0.06417202474238415, 0.5132909304618961, 1.055889024413313, 0.07158092524671684]
[1.253290390473388, 0.10202021298619719, 0.2225108734316947, 0.9810837512360149, 0.06183201896891497, 0.5128356133639366, 1.0542296077998454, 0.07263116730483817]
[1.2499567021617177, 0.11199640987464148, 0.22264439364325328, 0.979231134825743, 0.05944545185958645, 0.5123788651897272, 1.052570191186378, 0.07368140936295949]
[1.246223204033702, 0.12188140971960187, 0.22277781575038919, 0.9775423557312046, 0.057020012562860906, 0.5119206885906615, 1.0509107745729105, 0.0747316514210808]
[1.2420947142215712, 0.13165732408819833, 0.22291113969431228, 0.9760205007720593, 0.05456360647921299, 0.5114610862242841, 1.0492513579594431, 0.07578189347920213]
[1.2375768503231672, 0.1413065135256306, 0.22304436541627562, 0.9746682716393955, 0.052084337039701945, 0.5110000607542787, 1.0475919413459756, 0.07683213553732345]
[1.2326760167504467, 0.15081162324321573, 0.22317749285757563, 0.9734879733786462, 0.04959048680751388, 0.5105376148504555, 1.0459325247325082, 0.07788237759544477]
[1.227399390486776, 0.1601556181719962, 0.22331052195955192, 0.9724815038046062, 0.04709049794676734, 0.5100737511887385, 1.0442731081190406, 0.07893261965356609]
[1.2217549052845043, 0.16932181731105872, 0.2234434526635876, 0.971650343882043, 0.04459295210470589, 0.5096084724511535, 1.0426136915055733, 0.0799828617116874]
[1.2157512343374333, 0.17829392730125504, 0.22357628491110895, 0.9709955491030924, 0.042106549755130424, 0.509141781325815, 1.0409542748921057, 0.08103310376980873]
[1.209397771465898, 0.1870560751567007, 0.2237090186435858, 0.970517741890266, 0.039640089052532856, 0.5086736805069139, 1.0392948582786383, 0.08208334582793005]
[1.2027046108551467, 0.195592840088255, 0.22384165380253127, 0.9702171050514363, 0.037202444247888294, 0.5082041726947047, 1.0376354416651707, 0.08313358788605135]
[1.1956825253906311, 0.20388928435513953, 0.22397419032950197, 0.9700933763106365, 0.03480254371843472, 0.5077332605954931, 1.0359760250517034, 0.08418382994417267]
[1.1883429436366213, 0.2119309830829392, 0.22410662816609794, 0.9701458439359107, 0.03244934766501498, 0.5072609469216229, 1.0343166084382358, 0.08523407200229399]
[1.1806979255072743, 0.21970405298843737, 0.22423896725396278, 0.9703733434827878, 0.030151825531674975, 0.5067872343914642, 1.0326571918247685, 0.0862843140604153]
[1.1727601366818976, 0.2271951799540643, 0.22437120753478346, 0.9707742556692291, 0.027918933203195773, 0.5063121257293994, 1.0309977752113009, 0.0873345561185366]
[1.164542821818643, 0.23439164539717966, 0.22450334895029067, 0.9713465053951299, 0.02575959003708761, 0.5058356236658115, 1.0293383585978335, 0.08838479817665792]
[1.1560597766232514, 0.24128135138195994, 0.2246353914422585, 0.972087561916636, 0.02368265578728887, 0.5053577309370709, 1.027678941984366, 0.08943504023477923]
[1.147325318831737, 0.24785284442431613, 0.22476733495250473, 0.9729944401826955, 0.021696907477381122, 0.5048784502855225, 1.0260195253708986, 0.09048528229290054]
[1.1383542581680302, 0.25409533794301753, 0.2248991794228907, 0.9740637033383643, 0.019811016281569255, 0.5043977844594734, 1.024360108757431, 0.09153552435102186]
[1.1291618653396238, 0.25999873331304235, 0.22503092479532144, 0.9752914663965004, 0.01803352447195694, 0.503915736213179, 1.0227006921439636, 0.09258576640914318]
[1.1197638401361296, 0.2655536394801048, 0.2251625710117456, 0.9766734010765425, 0.016372822490797773, 0.5034323083068315, 1.021041275530496, 0.09363600846726448]
[1.1101762786974145, 0.2707513910983193, 0.22529411801415553, 0.9782047418061532, 0.014837126206397377, 0.5029475035065455, 1.0193818589170287, 0.0946862505253858]
[1.1004156400195713, 0.2755840651560431, 0.22542556574458733, 0.9798802928785606, 0.01343445441119595, 0.5024613245843464, 1.0177224423035611, 0.09573649258350712]
[1.090498711768457, 0.28004449605809334, 0.2255569141451208, 0.9816944367555219, 0.012172606620269144, 0.5019737743181567, 1.0160630256900938, 0.09678673464162843]
[1.0804425754718348, 0.28412628913574234, 0.2256881631578795, 0.9836411435029037, 0.011059141228047908, 0.5014848554917829, 1.0144036090766262, 0.09783697669974975]
[1.0702645711623362, 0.28782383255916133, 0.2258193127250309, 0.9857139813429941, 0.010101354080472691, 0.5009945708949028, 1.0127441924631588, 0.09888721875787106]
[1.0599822615444672, 0.2911323076302963, 0.2259503627887861, 0.9879061283047834, 0.009306257519073935, 0.5005029233230528, 1.0110847758496913, 0.09993746081599238]
[1.0496133957597615, 0.29404769743750986, 0.22608131329140016, 0.9902103849506267, 0.008680559952600198, 0.5000099155776135, 1.009425359236224, 0.1009877028741137]
[1.0391758728248868, 0.2965667938567128, 0.22621216417517206, 0.9926191881549068, 0.00823064601080603, 0.49951555046579865, 1.0077659426227563, 0.102037944932235]
[1.0286877048180783, 0.2986872028871165, 0.22634291538244455, 0.9951246259075739, 0.00796255733386153, 0.49901983080063966, 1.006106526009289, 0.10308818699035632]
[1.01816697988967, 0.30040734831317456, 0.22647356685560438, 0.9977184531127498, 0.0078819740495637, 0.49852275940097474, 1.0044471093958214, 0.10413842904847763]
[1.0076318251727492, 0.30172647368772154, 0.22660411853708223, 1.0003921083499614, 0.007994196989104307, 0.4980243390914337, 1.002787692782354, 0.10518867110659895]
[1.00201323042437, 0.30226604123727874, 0.2266737078287634, 1.0018477046173582, 0.008134601624172066, 0.49775795457196426, 1.0019026381274163, 0.10574882074883332]
