[-1, 0.294030361697727, 0.2288060723395453, -1, 5.551115123125783e-17, 0.49999999999999994, -1, 0.1]
[-1, 0.294030361697727, 0.2288060723395453, -1, 5.551115123125783e-17, 0.49999999999999994, -1, 0.1]
[-0.9909547128780967, 0.2946893033638978, 0.23211482314095602, -0.9951072046625309, -0.0018725815112449196, 0.5005059654152173, -0.993615689350125, 0.10464818128118118]
[-0.9820226989375772, 0.2952561569089631, 0.23535467818103778, -0.990397813845329, -0.003751406780355182, 0.5009188593253711, -0.98723137870025, 0.10929636256236236]
[-0.9732067431129268, 0.29573454484126743, 0.23852467581384057, -0.9858726324421607, -0.005631176204557664, 0.5012379747273702, -0.980847068050375, 0.11394454384354354]
[-0.9645095160003168, 0.2961281749751784, 0.2416238751283215, -0.9815323119185674, -0.00750655159775826, 0.5014626275077607, -0.9744627574005, 0.11859272512472471]
[-0.955933571250066, 0.29644083681888367, 0.24465135622762357, -0.9773773488114952, -0.009372160709163635, 0.5015921566988732, -0.968078446750625, 0.12324090640590589]
[-0.9474813430731621, 0.29667639788252775, 0.2476062205021171, -0.9734080833639773, -0.011222601795310205, 0.5016259247285401, -0.96169413610075, 0.12788908768708707]
[-0.9391551438642751, 0.2968387999102896, 0.25048759089612316, -0.9696246982966764, -0.013052448241415604, 0.5015633176633063, -0.955309825450875, 0.13253726896826823]
[-0.9309571619435806, 0.29693205504007625, 0.25329461216823884, -0.9660272177179716, -0.014856253227903682, 0.5014037454450536, -0.9489255148009998, 0.1371854502494494]
[-0.922889459419595, 0.29696024189457604, 0.2560264511451881, -0.962615506174149, -0.01662855443790484, 0.5011466421209639, -0.9425412041511247, 0.14183363153063056]
[-0.9149539701751085, 0.29692750160748493, 0.25868229696912237, -0.959389267841124, -0.018363878801477274, 0.5007914660667502, -0.9361568935012498, 0.14648181281181172]
[-0.9071524979781769, 0.29683803378878015, 0.261261361338297, -0.9563480458589929, -0.0200567472722486, 0.500337700203081, -0.9297725828513748, 0.15112999409299288]
[-0.8994867147200175, 0.2966960924329771, 0.26376287874105353, -0.9534912218105848, -0.021701679632134374, 0.49978485220513214, -0.9233882722014997, 0.15577817537417404]
[-0.8919581587815272, 0.29650598177435816, 0.2661861066830367, -0.9508180153450443, -0.023293199319748603, 0.4991324547051959, -0.9170039615516247, 0.1604263566553552]
[-0.8845682335300121, 0.2962720520932168, 0.2685303259075801, -0.9483274839473441, -0.024825838278088097, 0.49838006548828406, -0.9106196509017496, 0.16507453793653637]
[-0.8773182059476016, 0.29599869547720653, 0.27079484060919384, -0.946018522854496, -0.02629414181703743, 0.4975272676806613, -0.9042353402518746, 0.16972271921771753]
[-0.8702092053926767, 0.29569034154192736, 0.2729789786400923, -0.9438898651190804, -0.027692673486220676, 0.49657366993124646, -0.8978510296019995, 0.1743709004988987]
[-0.8632422224955271, 0.2953514531149248, 0.27508209170969905, -0.9419400818205904, -0.029016019953693573, 0.49551890658582565, -0.8914667189521244, 0.1790190817800799]
[-0.8564181081893104, 0.2949865218873082, 0.27710355557707106, -0.940167582424938, -0.030258795885961753, 0.4943626378540167, -0.8850824083022493, 0.18366726306126108]
[-0.849737572877259, 0.2946000640372316, 0.2790427702361843, -0.9385706152923339, -0.031415648824786535, 0.4931045499689326, -0.8786980976523743, 0.18831544434244227]
[-0.8432011857369478, 0.2941966158295029, 0.28089916009402616, -0.9371472683336157, -0.032481264056237025, 0.4917443553394909, -0.8723137870024992, 0.19296362562362346]
[-0.8368093741623004, 0.2937807291956134, 0.28267217414144163, -0.9358954698149565, -0.03345036946743718, 0.49028179269531685, -0.8659294763526241, 0.19761180690480465]
[-0.8305624233438785, 0.2933569672984992, 0.28436128611668227, -0.9348129893107437, -0.034317740386455575, 0.4887166272241946, -0.859545165702749, 0.20225998818598584]
[-0.8244604759878641, 0.2929299000863578, 0.28596599466161027, -0.9338974388042844, -0.0350782044007914, 0.48704865070201797, -0.8531608550528739, 0.20690816946716703]
[-0.8185035321740068, 0.2925040998398575, 0.28748582347051016, -0.9331462739358442, -0.03572664614991189, 0.4852776816151977, -0.8467765444029988, 0.21155635074834822]
[-0.8126914493526776, 0.2920841367170813, 0.2889203214314647, -0.9325567953973952, -0.036258012087314384, 0.4834035652754838, -0.8403922337531238, 0.2162045320295294]
[-0.8070239424810292, 0.2916745743005497, 0.2902690627602528, -0.9321261504733029, -0.036667315207596585, 0.48142617392716214, -0.8340079231032487, 0.2208527133107106]
[-0.8015005842981332, 0.29127996515066584, 0.2915316471267302, -0.9318513347260438, -0.03694963973404192, 0.47934540684659, -0.8276236124533737, 0.2255008945918918]
[-0.796120805738822, 0.2909048463699185, 0.29270769977365385, -0.9317291938259074, -0.03710014576224974, 0.4771611904340335, -0.8212393018034986, 0.23014907587307298]
[-0.7908838964858361, 0.29055373518216904, 0.2937968716279168, -0.9317564255235007, -0.03711407385537141, 0.4748734782977742, -0.8148549911536235, 0.23479725715425417]
[-0.7857890056597345, 0.2902311245313337, 0.2947988394041593, -0.9319295817637283, -0.03698674958654302, 0.4724822513304565, -0.8084706805037485, 0.23944543843543536]
[-0.780835142645898, 0.2899414787037532, 0.2957133057007253, -0.9322450709397916, -0.036713588024143984, 0.46998751777764475, -0.8020863698538734, 0.24409361971661656]
[-0.7760211780578186, 0.28968922897851834, 0.29653999908793693, -0.9326991602856158, -0.03629009815555623, 0.46738931329856537, -0.7957020592039983, 0.24874180099779775]
[-0.771345844835734, 0.28947876930999494, 0.29727867418865905, -0.9332879784049732, -0.035711887245136076, 0.46468770101901113, -0.7893177485541233, 0.25338998227897896]
[-0.7668077394795373, 0.2893144520467563, 0.29792911175113196, -0.9340075179354423, -0.034974665122170456, 0.4618827715763837, -0.7829334379042482, 0.2580381635601601]
[-0.7624053234147599, 0.2892005836911007, 0.29849111871404893, -0.9348536383452138, -0.03407424839463569, 0.4589746431568587, -0.7765491272543732, 0.26268634484134135]
[-0.7581369244902936, 0.2891414207032865, 0.2989645282638603, -0.9358220688606194, -0.033006564584639575, 0.4559634615246524, -0.7701648166044981, 0.2673345261225225]
[-0.7540007386063933, 0.2891411653545799, 0.2993491998842865, -0.9369084115221336, -0.0317676561814863, 0.45284940004338003, -0.7637805059546231, 0.2719827074037037]
[-0.7509050454884785, 0.2891837152021158, 0.29958483420879556, -0.9378223172354458, -0.03069470126800755, 0.45038182422927553, -0.7588650463148952, 0.2755614724010229]
[-0.7509050454884785, 0.2891837152021158, 0.29958483420879556, -0.9378223172354458, -0.03069470126800755, 0.45038182422927553, -0.7588650463148952, 0.2755614724010229]
[-0.7649613804843406, 0.2828904126019156, 0.29956611852593273, -0.9598677207020172, -0.031634893353814975, 0.4515047589581985, -0.77345719656493, 0.2691804986550083]
[-0.7790079465027637, 0.27657825981679646, 0.2995469905452816, -0.9817496654467387, -0.03239206597571914, 0.4526258368281992, -0.7880493468149647, 0.2627995249089937]
[-0.7930453668132782, 0.27024681226355224, 0.29952745029316824, -1.0034636134350476, -0.03297108685663325, 0.45374504702506263, -0.8026414970649995, 0.2564185511629791]
[-0.807074281099834, 0.2638956451680341, 0.2995074977964862, -1.025005170629642, -0.033376937410621366, 0.45486237874897884, -0.8172336473150343, 0.25003757741696453]
[-0.8210953448482405, 0.2575243541157448, 0.29948713308269653, -1.0463700898696096, -0.03361470850476023, 0.4559778212146452, -0.8318257975650691, 0.24365660367094996]
[-0.8351092287161278, 0.2511325555838671, 0.2994663561798275, -1.0675542736253107, -0.03368959614728645, 0.45709136365136954, -0.8464179478151039, 0.2372756299249354]
[-0.8491166178859869, 0.24471988745419182, 0.29944516711647456, -1.0885537766270992, -0.03360689710565995, 0.4582029953031727, -0.8610100980651387, 0.23089465617892083]
[-0.8631182114018581, 0.2382860095064264, 0.29942356592180075, -1.1093648083660879, -0.0333720044582245, 0.4593127054288909, -0.8756022483151735, 0.22451368243290626]
[-0.8771147214902512, 0.23183060389138216, 0.2994015526255361, -1.1299837354652542, -0.032990403083193565, 0.46042048330227847, -0.8901943985652083, 0.2181327086868917]
[-0.8911068728659012, 0.22535337558355523, 0.2993791272579777, -1.1504070839193088, -0.03246766508873489, 0.4615263182121092, -0.9047865488152431, 0.21175173494087712]
[-0.9050954020229722, 0.21885405281263443, 0.29935628984999024, -1.1706315412018438, -0.031809445187965746, 0.4626301994622798, -0.9193786990652779, 0.20537076119486256]
[-0.9190810565123398, 0.21233238747348673, 0.29933304043300507, -1.1906539582383953, -0.031021476022707495, 0.4637321163719105, -0.9339708493153127, 0.198989787448848]
[-0.9330645942055942, 0.2057881555141905, 0.2993093790390207, -1.2104713512441683, -0.030109563439886133, 0.46483205827544755, -0.9485629995653475, 0.19260881370283342]
[-0.9470467825464189, 0.19922115730170445, 0.2992853057006028, -1.230080903425279, -0.029079581724492404, 0.46593001452276495, -0.9631551498153823, 0.18622783995681885]
[-0.9610283977900149, 0.19263121796478064, 0.29926082045088387, -1.2494799665424863, -0.027937468793044845, 0.4670259744792655, -0.9777473000654171, 0.17984686621080428]
[-0.9750102242312468, 0.18601818771374862, 0.2992359233235633, -1.2686660623364965, -0.026689221351522407, 0.46811992752598275, -0.9923394503154519, 0.17346589246478972]
[-0.9889930534222051, 0.17938194213681888, 0.2992106143529075, -1.2876368838140437, -0.025340890021756463, 0.46921186305968177, -1.0069316005654867, 0.16708491871877515]
[-1.0029776833798836, 0.17272238247257285, 0.2991848935737496, -1.3063902963940546, -0.023898574440286646, 0.4703017704929603, -1.0215237508155215, 0.16070394497276058]
[-1.0169649177846851, 0.1660394358583284, 0.29915876102148947, -1.324924338913333, -0.02236841833370279, 0.47138963925434996, -1.0361159010655563, 0.15432297122674601]
[-1.0309555651704763, 0.15933305555409055, 0.2991322167320939, -1.3432372244913053, -0.020756604574503984, 0.47247545878841696, -1.050708051315591, 0.14794199748073145]
[-1.0449504381069197, 0.15260322114181785, 0.29910526074209615, -1.3613273412534896, -0.019069350221514764, 0.4735592185558625, -1.0653002015656259, 0.14156102373471688]
[-1.0589503523748252, 0.14584993869975674, 0.29907789308859617, -1.379193252913467, -0.017312901548903303, 0.47464090803362347, -1.0798923518156607, 0.1351800499887023]
[-1.0729561261352618, 0.13907324095161844, 0.29905011380926055, -1.3968336992132433, -0.01549352906784629, 0.47572051671497295, -1.0944845020656955, 0.12879907624268774]
[-1.086968579093186, 0.1322731873903939, 0.2990219229423224, -1.4142475962220162, -0.013617522544884159, 0.47679803410962, -1.1090766523157303, 0.12241810249667318]
[-1.1009885316563435, 0.12544986437662511, 0.2989933205265812, -1.4314340364934681, -0.011691186021005245, 0.47787344974381013, -1.123668802565765, 0.11603712875065861]
[-1.1150168040902115, 0.11860338521097374, 0.29896430660140294, -1.4483922890818244, -0.009720832835487386, 0.47894675316042484, -1.1382609528157999, 0.10965615500464404]
[-1.1290542156697476, 0.11173389018094995, 0.29893488120672, -1.4651217994170362, -0.007712780658513843, 0.4800179339190817, -1.1528531030658347, 0.10327518125862947]
[-1.1431015838287233, 0.10484154658168726, 0.2989050443830311, -1.481622189039552, -0.005673346536566259, 0.48108698159623375, -1.1674452533158695, 0.0968942075126149]
[-1.1571597233074178, 0.09792654871067225, 0.298874796171401, -1.4978932551952657, -0.0036088419545770856, 0.48215388578526885, -1.1820374035659043, 0.09051323376660034]
[-1.1712294452994518, 0.0909891178363608, 0.29884413661346093, -1.5139349702913347, -0.0015255679188027615, 0.483218636096609, -1.196629553815939, 0.08413226002058577]
[-1.1853115565985481, 0.08402950214063534, 0.29881306575140815, -1.52974748121368, 0.0005701899356460594, 0.4842812221578097, -1.2112217040659738, 0.0777512862745712]
[-1.199406858746001, 0.07704797663508112, 0.2987815836280059, -1.5453311085070884, 0.002672166208709442, 0.4853416336136587, -1.2258138543160086, 0.07137031252855663]
[-1.2135161471796394, 0.07004484305108229, 0.2987496902865836, -1.5606863454189475, 0.004774120566842205, 0.4863998601262745, -1.2404060045660434, 0.06498933878254207]
[-1.2276402103850752, 0.06302042970376216, 0.29871738577103657, -1.5758138568077575, 0.006869842538195038, 0.48745589137520584, -1.2549981548160782, 0.05860836503652749]
[-1.2417798290500168, 0.05597509132981489, 0.2986846701258261, -1.5907144779176692, 0.008953156267709296, 0.4885097170575292, -1.269590305066113, 0.05222739129051292]
[-1.255935775222436, 0.048909208899299186, 0.2986515433959792, -1.605389213020404, 0.011017925228362153, 0.48956132688794785, -1.2841824553161478, 0.04584641754449835]
[-1.270108811473371, 0.04182318940148811, 0.2986180056270888, -1.6198392339260237, 0.0130580568848431, 0.49061071059888955, -1.2987746055661826, 0.03946544379848378]
[-1.284299690065147, 0.03471746560489166, 0.2985840568653134, -1.6340658783641169, 0.01506750730598979, 0.4916578579406047, -1.3133667558162174, 0.033084470052469214]
[-1.2985091521257912, 0.027592495791592443, 0.29854969715737734, -1.6480706482370713, 0.017040285722360736, 0.49270275868126445, -1.3279589060662522, 0.02670349630645464]
[-1.3127379268304162, 0.02044876346605738, 0.2985149265505704, -1.6618552077472137, 0.0189704590253754, 0.4937454026070577, -1.342551056316287, 0.02032252256044007]
[-1.3269867305903427, 0.013286777038611588, 0.29847974509274794, -1.6754213813996788, 0.020852156204507977, 0.4947857795222892, -1.3571432065663218, 0.013941548814425496]
[-1.341256266250727, 0.006107069483783162, 0.2984441528323308, -1.6887711518829958, 0.022679572719079312, 0.49582387924947663, -1.3717353568163566, 0.007560575068410922]
[-1.3555472222974503, -0.0010898020262496036, 0.2984081498183051, -1.701906657829446, 0.024446974801253147, 0.4968596916294476, -1.3863275070663914, 0.0011796013223963472]
[-1.3698602720740218, -0.008303256512854636, 0.29837173610022255, -1.7148301914573651, 0.026148703686906256, 0.4978932065214373, -1.4009196573164262, -0.0052013724236182265]
[-1.3841960730092462, -0.015532689606509767, 0.2983349117281998, -1.7275441960976445, 0.02777917977110938, 0.4989244138031842, -1.415511807566461, -0.011582346169632801]
[-1.3985552658563878, -0.022777473986435377, 0.29829767675291896, -1.7400512636067764, 0.029332906685024245, 0.49995330337102795, -1.4301039578164958, -0.017963319915647376]
[-1.4129384739445636, -0.030036959843975485, 0.29826003122562705, -1.7523541316688829, 0.03080447529109485, 0.5009798651400046, -1.4446961080665304, -0.02434429366166195]
[-1.427346302443087, -0.03731047536938549, 0.29822197519813626, -1.7644556809892489, 0.03218856759348407, 0.502004089043944, -1.4592882583165652, -0.030725267407676525]
[-1.4417793376394696, -0.04459732726166285, 0.2981835087228238, -1.7763589323819664, 0.033479960560784755, 0.5030259650355653, -1.4738804085665997, -0.0371062411536911]
[-1.4562381462317877, -0.05189680126103643, 0.2981446318526315, -1.7880670437543802, 0.034673529858112014, 0.5040454830865732, -1.4884725588166343, -0.043487214899705674]
[-1.470723274636096, -0.05920816270370865, 0.2981053446410665, -1.7995833069911036, 0.0357642534857665, 0.5050626331877532, -1.5030647090666691, -0.04986818864572025]
[-1.4852352483095739, -0.06653065709842487, 0.2980656471422003, -1.8109111447404456, 0.03674721532173958, 0.506077405349068, -1.5176568593167037, -0.056249162391734824]
[-1.4997745710900674, -0.07386351072442328, 0.2980255394106692, -1.822054107106179, 0.03761760856541976, 0.5070897895997521, -1.5322490095667385, -0.0626301361377494]
[-1.5143417245526796, -0.08120593125029957, 0.2979850215016743, -1.8330158682476327, 0.038370739079944635, 0.5080997759884082, -1.5468411598167733, -0.06901110988376397]
[-1.528937167384054, -0.08855710837330025, 0.2979440934709808, -1.8438002228911756, 0.0390020286307346, 0.5091073545831003, -1.561433310066808, -0.07539208362977855]
[-1.5435613347749726, -0.0959162144785403, 0.29790275537491884, -1.8544110827562201, 0.039507018017834336, 0.510112515471451, -1.5760254603168427, -0.08177305737579313]
[-1.5582146378318866, -0.10328240531762095, 0.2978610072703826, -1.8648524728989408, 0.03988137009978332, 0.511115248760734, -1.5906176105668772, -0.08815403112180771]
[-1.5728974630079706, -0.11065482070610616, 0.29781884921483076, -1.8751285279769545, 0.04012087270682932, 0.5121155445779705, -1.605209760816912, -0.09453500486782229]
[-1.5876101715542874, -0.11803258523929736, 0.2977762812662861, -1.8852434884382863, 0.04022144144139911, 0.5131133930700217, -1.6198019110669468, -0.10091597861383687]
[-1.6023530989916286, -0.12541480902572966, 0.2977333034833356, -1.895201696637982, 0.04017912236383461, 0.5141087844036848, -1.6343940613169814, -0.10729695235985146]
[-1.6171265546035791, -0.1328005884377944, 0.29768991592513033, -1.9050075928857952, 0.039990094561507594, 0.5151017087657854, -1.6489862115670162, -0.11367792610586604]
[-1.6319308209513352, -0.14018900687887786, 0.29764611865138524, -1.9146657114284094, 0.039650672599522485, 0.5160921563632723, -1.6635783618170508, -0.12005889985188062]
[-1.6467661534108002, -0.147579135566388, 0.29760191172237926, -1.92418067636973, 0.039157308851323874, 0.5170801174233104, -1.6781705120670853, -0.12643987359789519]
[-1.6616327797324422, -0.15497003433002776, 0.2975572951989552, -1.9335571975327932, 0.03850659570762502, 0.5180655821933751, -1.69276266231712, -0.13282084734390975]
[-1.676530899624404, -0.1623607524246562, 0.2975122691425194, -1.942800066266904, 0.037695267662183535, 0.5190485409413436, -1.7073548125671547, -0.13920182108992432]
[-1.691460684359315, -0.16975032935706583, 0.29746683361504195, -1.9519141512036384, 0.03672020327305045, 0.5200289839555907, -1.7219469628171893, -0.1455827948359389]
[-1.7064222764052541, -0.17713779572598934, 0.29742098867905664, -1.9609043939653914, 0.03557842699803335, 0.5210069015450789, -1.736539113067224, -0.15196376858195346]
[-1.7214157890812765, -0.18452217407463692, 0.29737473439766055, -1.9697758048301701, 0.03426711090321341, 0.5219822840394531, -1.7511312633172587, -0.15834474232796802]
[-1.7364413062379105, -0.19190247975505018, 0.2973280708345142, -1.9785334583563754, 0.0327835762434755, 0.5229551217891315, -1.7657234135672935, -0.1647257160739826]
[-1.751498881962999, -0.19927772180354925, 0.29728099805384145, -1.9871824889713217, 0.031125294914107843, 0.5239254051653994, -1.780315563817328, -0.17110668981999716]
[-1.766588540313251, -0.20664690382653533, 0.29723351612042925, -1.9957280865272902, 0.029289890772649985, 0.5248931245604994, -1.7949077140673628, -0.17748766356601173]
[-1.781710275071833, -0.2140090248959018, 0.29718562509962787, -2.004175491828903, 0.02727514083026808, 0.5258582703877255, -1.8094998643173974, -0.1838686373120263]
[-1.7968640495323245, -0.22136308045329445, 0.29713732505735047, -2.0125299921356454, 0.025078976312054968, 0.5268208330815125, -1.8240920145674322, -0.19024961105804086]
[-1.8120497963093245, -0.2287080632224547, 0.2970886160600732, -2.0207969166433584, 0.022699483585758157, 0.5277808030975293, -1.8386841648174668, -0.19663058480405543]
[-1.827267417175987, -0.2360429641288658, 0.2970394981748351, -2.028981631948539, 0.020134904958556493, 0.5287381709127693, -1.8532763150675013, -0.20301155855007]
[-1.8425167829287308, -0.24336677322591851, 0.2969899714692379, -2.0370895374992988, 0.01738363934160922, 0.5296929270256415, -1.8678684653175361, -0.20939253229608457]
[-1.8577977332793516, -0.2506784806268002, 0.296940036011446, -2.0451260610368163, 0.014444242782225059, 0.5306450619560615, -1.8824606155675707, -0.21577350604209913]
[-1.8731100767747435, -0.2579770774413079, 0.2968896918701863, -2.053096654031136, 0.011315428863596266, 0.5315945662455426, -1.8970527658176055, -0.2221544797881137]
[-1.8884535907444029, -0.2652615567167751, 0.29683893911474846, -2.061006787115154, 0.007996068972167814, 0.5325414304572854, -1.9116449160676403, -0.2285354535341283]
[-1.9038280212758811, -0.27253091438230087, 0.2967877778149842, -2.0688619455206183, 0.004485192432811924, 0.533485645176269, -1.9262370663176749, -0.23491642728014286]
[-1.9181882713743812, -0.2792931987021463, 0.29673971532131216, -2.076140160758399, 0.0010390054060138154, 0.5343634851337614, -1.9398404490202665, -0.24086502473801374]
[-1.9181882713743812, -0.2792931987021463, 0.29673971532131216, -2.076140160758399, 0.0010390054060138154, 0.5343634851337614, -1.9398404490202665, -0.24086502473801374]
[-1.9203694741971016, -0.27791306863646675, 0.29736786264993925, -2.074600775667472, 0.0025928291306213103, 0.5372202067382046, -1.9394744964913466, -0.24316609198894742]
[-1.9224758095511714, -0.2764767081059343, 0.2979291191292461, -2.072992763196056, 0.004142383969630292, 0.5399984724727653, -1.9391085439624267, -0.2454671592398811]
[-1.924505840383496, -0.27498612530890004, 0.2984233585084594, -2.071315720212908, 0.005685808944607462, 0.5426980491885794, -1.9387425914335068, -0.24776822649081479]
[-1.9264581806775316, -0.2734433641248119, 0.29885046961184036, -2.069569291812602, 0.007221225249346208, 0.5453187193746055, -1.938376638904587, -0.25006929374174847]
[-1.9283314963434317, -0.27185050280509926, 0.29921035636369275, -2.067753171896763, 0.008746737507216829, 0.5478602811877593, -1.938010686375667, -0.2523703609926822]
[-1.930124506074681, -0.27020965264188385, 0.2995029378099743, -2.0658671037227387, 0.010260435045345406, 0.5503225484796257, -1.937644733846747, -0.2546714282436159]
[-1.931835982170661, -0.268522956615375, 0.29972814813650706, -2.063910880419238, 0.01176039318477673, 0.5527053508197406, -1.9372787813178272, -0.2569724954945496]
[-1.9334647513246204, -0.2667925880208208, 0.29988593668378166, -2.061884345468504, 0.013244674545772606, 0.5550085335154403, -1.9369128287889072, -0.2592735627454833]
[-1.9350096953765408, -0.26502074907589984, 0.29997626795835297, -2.0597873931546067, 0.014711330367377096, 0.5572319576282723, -1.9365468762599873, -0.261574629996417]
[-1.936469752030412, -0.26320966950945224, 0.2999991216408239, -2.0576199689774533, 0.016158401840376035, 0.5593754999869678, -1.9361809237310674, -0.2638756972473507]
[-1.9378439155354557, -0.26136160513245804, 0.2999544925904162, -2.0553820700321572, 0.01758392145276283, 0.5614390531969715, -1.9358149712021475, -0.2661767644982844]
[-1.9391312373308582, -0.2594788363921853, 0.29984239084612685, -2.0530737453534065, 0.018985914346815402, 0.5634225256465282, -1.9354490186732276, -0.26847783174921813]
[-1.9403308266535961, -0.2575636669104392, 0.29966284162447, -2.050695096224513, 0.02036239968687925, 0.5653258415093259, -1.9350830661443077, -0.27077889900015184]
[-1.9414418511089637, -0.25561842200685425, 0.29941588531380436, -2.0482462764508376, 0.02171139203694228, 0.5671489407436959, -1.9347171136153876, -0.2730799662510855]
[-1.9424635372034345, -0.2536454472081818, 0.2991015774652484, -2.0457274925973135, 0.023030902747079862, 0.5688917790883699, -1.9343511610864677, -0.27538103350201915]
[-1.9433951708395116, -0.2516471067445332, 0.2987199887801845, -2.0431390041898143, 0.024318941347839795, 0.570554328054797, -1.9339852085575475, -0.27768210075295285]
[-1.9442360977722526, -0.24962578203354835, 0.2982712050943549, -2.0404811238801326, 0.025573516951632624, 0.5721365749160221, -1.9336192560286276, -0.27998316800388656]
[-1.944985724027167, -0.24758387015346608, 0.2977553273585538, -2.0377542175743644, 0.026792639660182388, 0.5736385226921306, -1.9332533034997075, -0.2822842352548202]
[-1.9456435162792278, -0.2455237823060813, 0.2971724716159192, -2.0349587045245237, 0.027974321977090988, 0.5750601901322624, -1.9328873509707876, -0.28458530250575387]
[-1.94620900219274, -0.2434479422705787, 0.2965227689758295, -2.032095057383213, 0.029116580224563315, 0.5764016116931995, -1.9325213984418674, -0.2868863697566875]
[-1.9466817707218593, -0.24135878484924045, 0.29580636558441165, -2.029163802221234, 0.03021743596333404, 0.5776628375145343, -1.9321554459129475, -0.28918743700762123]
[-1.9470614723715578, -0.2392587543060289, 0.2950234225916665, -2.02616551850802, 0.031274917414835846, 0.5788439333904245, -1.9317894933840274, -0.2914885042585549]
[-1.947347819418876, -0.2371503027990517, 0.29417411611521915, -2.023100839054808, 0.03228706088464378, 0.5799449807379411, -1.9314235408551075, -0.2937895715094886]
[-1.9475405860943114, -0.23503588880791842, 0.2932586372007025, -2.0199704499204936, 0.03325191218622969, 0.5809660765620182, -1.9310575883261873, -0.29609063876042224]
[-1.9476396087232344, -0.23291797555700364, 0.29227719177878303, -2.016775090280129, 0.034167528064056624, 0.5819073334170126, -1.9306916357972674, -0.2983917060113559]
[-1.9476447858272323, -0.23079902943563174, 0.2912300006188379, -2.013515552256064, 0.0350319776150439, 0.5827688793648844, -1.9303256832683473, -0.3006927732622896]
[-1.947556078185326, -0.2286815184162021, 0.2901172992792946, -2.010192680711739, 0.03584334370743253, 0.5835508579300056, -1.9299597307394274, -0.3029938405132233]
[-1.9473735088550073, -0.22656791047127456, 0.2889393380546434, -2.0068073730081712, 0.03659972439607917, 0.584253428050611, -1.9295937782105073, -0.30529490776415696]
[-1.9470971631530978, -0.22446067199063519, 0.28769638191913577, -2.003360578723205, 0.037299234333209697, 0.584876764026901, -1.9292278256815873, -0.3075959750150906]
[-1.946727188596429, -0.222362266199362, 0.28638871046717984, -1.9998532993336127, 0.037940006173664, 0.5854210554658096, -1.9288618731526672, -0.30989704226602427]
[-1.9462637948023904, -0.22027515157791167, 0.2850166178504478, -1.996286587860162, 0.0385201919736648, 0.5858865072224501, -1.9284959206237473, -0.312198109516958]
[-1.945707253349406, -0.218201780285244, 0.28358041271170853, -1.992661548475796, 0.039037964582147366, 0.5862733393382541, -1.9281299680948272, -0.31449917676789163]
[-1.9450578975974295, -0.21614459658600227, 0.2820804181154002, -1.9889793360770847, 0.03949151902368814, 0.5865817869758158, -1.9277640155659073, -0.31680024401882534]
[-1.9443161224685757, -0.21410603528276106, 0.28051697147495974, -1.9852411558191447, 0.03987907387207834, 0.5868121003504598, -1.9273980630369871, -0.319101311269759]
[-1.9434823841880278, -0.21208852015435442, 0.27889042447692347, -1.9814482626142378, 0.040198872613586345, 0.5869645446585464, -1.9270321105080672, -0.32140237852069264]
[-1.9425571999853881, -0.21009446240128898, 0.2772011430018179, -1.977601960594291, 0.04044918499896677, 0.5870394000025327, -1.926666157979147, -0.32370344577162635]
[-1.9415411477566669, -0.20812625909924504, 0.2754495070418574, -1.9737036025376034, 0.04062830838327097, 0.5870369613128061, -1.9263002054502272, -0.32600451302256]
[-1.9404348656871226, -0.2061862916616626, 0.2736359106154676, -1.9697545892600243, 0.04073456905252637, 0.5869575382663094, -1.9259342529213073, -0.32830558027349366]
[-1.9392390518352025, -0.20427692431240246, 0.27176076167865354, -1.9657563689709194, 0.040766323536356786, 0.5868014552019749, -1.9255683003923871, -0.33060664752442737]
[-1.9379544636778485, -0.2024005025694673, 0.2698244820332329, -1.9617104365942628, 0.04072195990562394, 0.586569051032991, -1.9252023478634672, -0.332907714775361]
[-1.93658191761746, -0.2005593517407606, 0.26782750723195453, -1.9576183330552073, 0.040599899054177296, 0.5862606791559153, -1.924836395334547, -0.3352087820262947]
[-1.9351222884508368, -0.19875577543285142, 0.26577028648052403, -1.9534816445325296, 0.04039859596381243, 0.5858767073566636, -1.9244704428056272, -0.3375098492772284]
[-1.9335765088004404, -0.19699205407370837, 0.2636532825365576, -1.949302001677348, 0.040116540951540935, 0.585417517713388, -1.924104490276707, -0.3398109165281621]
[-1.9319455685083406, -0.1952704434503527, 0.2614769716054885, -1.9450810787985464, 0.039752260898292674, 0.5848835064962745, -1.923738537747787, -0.3421119837790958]
[-1.930230513993241, -0.19359317326237474, 0.25924184323344734, -1.9408205930153597, 0.039304320458174696, 0.5842750840642768, -1.923372585218867, -0.3444130510300295]
[-1.9284324475709937, -0.19196244569224538, 0.2569484001971425, -1.9365223033775938, 0.038771323247428685, 0.5835926747588154, -1.9230066326899469, -0.34671411828096316]
[-1.926552526739047, -0.19038043399334406, 0.2545971583907638, -1.9321880099539805, 0.0381519130122355, 0.5828367167944632, -1.922640680161027, -0.34901518553189687]
[-1.924591963425281, -0.1888492810966132, 0.2521886467099355, -1.9278195528891873, 0.03744477477453159, 0.5820076621466439, -1.9222747276321068, -0.3513162527828306]
[-1.9225520232017224, -0.1873710982367374, 0.24972340693274525, -1.9234188114300237, 0.0366486359550138, 0.5811059764363695, -1.921908775103187, -0.3536173200337642]
[-1.920434024463637, -0.18594796359873353, 0.24720199359787456, -1.9189877029214064, 0.03576226747252029, 0.5801321388120437, -1.9215428225742668, -0.35591838728469793]
[-1.9182393375745401, -0.1845819209858224, 0.2446249738798592, -1.9145281817726698, 0.03478448481899418, 0.5790866418283562, -1.9211768700453469, -0.35821945453563164]
[-1.9159693839776644, -0.1832749785094416, 0.24199292746150722, -1.9100422383948266, 0.03371414910924955, 0.5779699913223, -1.9208109175164267, -0.3605205217865653]
[-1.9136256352744676, -0.18202910730224547, 0.2393064464035034, -1.9055318981093996, 0.03255016810476602, 0.5767827062863353, -1.9204449649875068, -0.362821589037499]
[-1.9112096122707685, -0.18084624025491722, 0.23656613501122908, -1.9009992200294774, 0.03129149721077529, 0.5755253187387332, -1.9200790124585867, -0.36512265628843266]
[-1.9087228839911299, -0.17972827077761347, 0.233772609698828, -1.8964462959136508, 0.02993714044588902, 0.5741983735911272, -1.9197130599296668, -0.36742372353936636]
[-1.90616706666212, -0.17867705158683306, 0.23092649885054814, -1.8918752489935196, 0.028486151383567387, 0.5728024285133019, -1.9193471074007467, -0.3697247907903]
[-1.9035438226651125, -0.17769439351849828, 0.22802844267939104, -1.8872882327754683, 0.026937634064711585, 0.5713380537952526, -1.9189811548718267, -0.3720258580412337]
[-1.900854859459296, -0.17678206436800745, 0.22507909308310017, -1.8826874298174325, 0.025290743880713562, 0.5698058322065449, -1.9186152023429066, -0.3743269252921674]
[-1.8981019284755918, -0.17594178775801264, 0.22207911349752138, -1.8780750504813966, 0.023544688426283628, 0.5682063588530087, -1.9182492498139867, -0.3766279925431011]
[-1.8952868239821883, -0.1751752420346459, 0.21902917874736705, -1.8734533316623734, 0.021698728321424776, 0.5665402410307965, -1.9178832972850666, -0.37892905979403474]
[-1.8924113819224277, -0.17448405919291157, 0.21592997489441945, -1.8688245354946438, 0.01975217800191284, 0.5648080980778429, -1.9175173447561467, -0.38123012704496845]
[-1.8894774787257915, -0.17386982383193167, 0.21278219908320534, -1.8641909480360406, 0.017704406477688422, 0.5630105612227569, -1.9171513922272265, -0.3835311942959021]
[-1.8881922971042262, -0.1736286380166809, 0.21140737243482433, -1.8621881299407177, 0.01678821942734815, 0.5622138770656145, -1.916993284597993, -0.38452535681426525]
[-1.8881922971042262, -0.1736286380166809, 0.21140737243482433, -1.8621881299407177, 0.01678821942734815, 0.5622138770656145, -1.916993284597993, -0.38452535681426525]
[-1.8839123799166662, -0.17109067095879246, 0.21336822267198507, -1.8539131609339585, 0.02113830475798631, 0.5628651007056888, -1.9164300203595896, -0.37945718605616346]
[-1.879721564549094, -0.16863482807478727, 0.21531079760733432, -1.8456503294020374, 0.025313495076121045, 0.5634820182481346, -1.9158667561211864, -0.3743890152980617]
[-1.8756219235747134, -0.1662583961345621, 0.21723493085647422, -1.8374039976555427, 0.029314156589989954, 0.564064524114084, -1.9153034918827831, -0.3693208445399599]
[-1.8716154503321183, -0.16395860642526588, 0.21914045761456452, -1.8291785134779048, 0.03314076934979612, 0.564612515036742, -1.91474022764438, -0.3642526737818581]
[-1.8677040574061787, -0.16173263703368293, 0.22102721467043834, -1.820978207095407, 0.03679392667797404, 0.5651258900726792, -1.9141769634059767, -0.3591845030237563]
[-1.8638895751743543, -0.1595776151705363, 0.2228950404205812, -1.812807388168118, 0.040274334518136, 0.5656045506129543, -1.9136136991675734, -0.35411633226565453]
[-1.8601737504196028, -0.15749061953484092, 0.22474377488297295, -1.804670342803944, 0.04358281070342215, 0.5660484003940673, -1.9130504349291702, -0.34904816150755275]
[-1.8565582450109825, -0.15546868271639958, 0.22657325971079018, -1.796571330597958, 0.046720284145042146, 0.5664573455087388, -1.912487170690767, -0.34397999074945096]
[-1.8530446346530036, -0.15350879363450926, 0.22838333820596896, -1.7885145816991543, 0.04968779394184794, 0.5668312944165173, -1.9119239064523637, -0.3389118199913492]
[-1.849634407704726, -0.15160790001091126, 0.2301738553326264, -1.780504293906738, 0.05248648841184311, 0.5671701579542118, -1.9113606422139604, -0.3338436492332474]
[-1.8463289640695393, -0.14976291087499619, 0.2319446577303394, -1.77254462979803, 0.05511762404658063, 0.5674738493461492, -1.9107973779755572, -0.3287754784751456]
[-1.8431296141565139, -0.1479706990992441, 0.2336955937272805, -1.7646397138900516, 0.057582564389466906, 0.5677422842142562, -1.910234113737154, -0.3237073077170438]
[-1.8400375779141447, -0.1462281039628602, 0.23542651335320855, -1.7567936298367988, 0.05988277883903739, 0.5679753805879633, -1.9096708494987507, -0.318639136958942]
[-1.8370539839372586, -0.14453193374154127, 0.23713726835231408, -1.749010417664205, 0.062019841378325086, 0.5681730589139307, -1.9091075852603474, -0.31357096620084024]
[-1.8341798686477913, -0.14287896832128733, 0.23882771219591747, -1.7412940710447407, 0.06399542923149859, 0.5683352420655959, -1.9085443210219442, -0.30850279544273845]
[-1.8314161755500855, -0.14126596183415582, 0.24049770009501945, -1.733648534613569, 0.06581132144899238, 0.5684618553525401, -1.907981056783541, -0.30343462468463667]
[-1.8287637545613007, -0.13968964531383485, 0.24214708901270254, -1.7260777013281392, 0.0674693974224102, 0.5685528265296753, -1.9074177925451377, -0.2983664539265349]
[-1.8262233614174597, -0.13814672936889924, 0.24377573767638205, -1.718585409873058, 0.06897163533052397, 0.5686080858062469, -1.9068545283067344, -0.2932982831684331]
[-1.8237956571556049, -0.13663390687159738, 0.24538350658990685, -1.7111754421120402, 0.07032011051774398, 0.5686275658546572, -1.9062912640683312, -0.2882301124103313]
[-1.8214812076724702, -0.13514785566000412, 0.24697025804550676, -1.7038515205887017, 0.07151699380648358, 0.5686112018191014, -1.905727999829928, -0.2831619416522295]
[-1.8192804833600131, -0.133685241251366, 0.24853585613558798, -1.6966173060779066, 0.07256454974488319, 0.5685589313240219, -1.9051647355915247, -0.27809377089412773]
[-1.8171938588180918, -0.13224271956445469, 0.2500801667643735, -1.6894763951893481, 0.0734651347914069, 0.5684706944823761, -1.9046014713531212, -0.27302560013602595]
[-1.8152216126445102, -0.1308169396487379, 0.25160305765938856, -1.6824323180249867, 0.0742211954378671, 0.5683464339037175, -1.904038207114718, -0.26795742937792416]
[-1.8133639273025894, -0.12940454641817117, 0.25310439838279025, -1.6754885358919331, 0.07483526627247467, 0.5681860947020914, -1.9034749428763145, -0.2628892586198224]
[-1.8116208890663634, -0.12800218338741212, 0.25458406034253944, -1.6686484390723049, 0.07530996798455078, 0.5679896245037401, -1.9029116786379112, -0.2578210878617206]
[-1.809992488043435, -0.12660649540825367, 0.25604191680341476, -1.6619153446515516, 0.07564800531258023, 0.5677569734546226, -1.9023484143995077, -0.2527529171036188]
[-1.8084786182754644, -0.12521413140407606, 0.2574778428978683, -1.6552924944066794, 0.07585216493731814, 0.5674880942277428, -1.9017851501611045, -0.24768474634551702]
[-1.807079077916199, -0.12382174710011662, 0.2588917156367198, -1.648783052755767, 0.07592531332170385, 0.5671829420302867, -1.901221885922701, -0.24261657558741523]
[-1.8057935694868958, -0.12242600774736129, 0.2602834139196916, -1.6423901047701077, 0.07587039449936644, 0.5668414746105719, -1.9006586216842978, -0.23754840482931344]
[-1.804621700208919, -0.121023590837866, 0.26165281854578076, -1.6361166542502628, 0.07569042781354225, 0.5664636522648014, -1.9000953574458943, -0.23248023407121166]
[-1.8035629824132402, -0.11961118880932402, 0.2629998122234687, -1.6299656218672594, 0.07538850560825537, 0.5660494378436292, -1.899532093207491, -0.22741206331310987]
[-1.802616834026496, -0.11818551173670307, 0.26432427958076754, -1.6239398433701067, 0.07496779087364318, 0.5655987967585278, -1.8989688289690876, -0.22234389255500808]
[-1.8017825791332163, -0.11674329000878736, 0.2656261071751018, -1.6180420678607619, 0.07443151484733745, 0.5651116969879669, -1.8984055647306843, -0.2172757217969063]
[-1.8010594486137466, -0.11528127698747125, 0.26690518350302517, -1.6122749561376062, 0.07378297457383924, 0.5645881090833942, -1.8978423004922809, -0.2122075510388045]
[-1.8004465808573578, -0.11379625164766584, 0.2681613990097705, -1.6066410791084513, 0.07302553042385039, 0.5640280061750225, -1.8972790362538776, -0.20713938028070272]
[-1.7999430225499493, -0.1122850211956943, 0.26939464609863356, -1.601142916274029, 0.07216260357555088, 0.5634313639774196, -1.8967157720154741, -0.20207120952260094]
[-1.7995477295357136, -0.11074442366407158, 0.2706048191401892, -1.5957828542828676, 0.07119767345982894, 0.5627981607949046, -1.896152507777071, -0.19700303876449915]
[-1.7992595677520518, -0.10917133048057881, 0.27179181448133777, -1.590563185558392, 0.07013427517150028, 0.5621283775267436, -1.8955892435386674, -0.19193486800639736]
[-1.7990773142369885, -0.10756264900956945, 0.2729555304541843, -1.5854861069990414, 0.06897599684856005, 0.5614219976721511, -1.8950259793002642, -0.18686669724829558]
[-1.7989996582082604, -0.10591532506346014, 0.27409586738474556, -1.5805537187521228, 0.06772647702154187, 0.5606790073350896, -1.8944627150618607, -0.1817985264901938]
[-1.799025202213208, -0.10422634538238902, 0.2752127276014878, -1.5757680230620732, 0.06638940193506208, 0.559899395228874, -1.8938994508234575, -0.176730355732092]
[-1.7991524633485323, -0.10249274008004568, 0.2763060154436922, -1.5711309231937385, 0.06496850284365117, 0.5590831526805742, -1.893336186585054, -0.17166218497399022]
[-1.7993798745489347, -0.10071158505370671, 0.2773756372696485, -1.5666442224312203, 0.06346755328398078, 0.5582302736352188, -1.8927729223466507, -0.16659401421588843]
[-1.799705785943585, -0.09888000435653853, 0.2784215014646756, -1.5623096231527764, 0.0618903663256085, 0.5573407546597984, -1.8922096581082473, -0.16152584345778664]
[-1.8001284662793315, -0.09699517253025983, 0.2794435184489682, -1.5581287259822152, 0.060240791802371046, 0.5564145949470672, -1.891646393869844, -0.15645767269968486]
[-1.8006461044094886, -0.09505431689628799, 0.28044160068526996, -1.5541030290171423, 0.058522713526564324, 0.5554517963191448, -1.8910831296314405, -0.15138950194158307]
[-1.8012568108470053, -0.0930547198035272, 0.28141566268637047, -1.5502339271343846, 0.05674004648805439, 0.5544523632309137, -1.8905198653930373, -0.14632133118348128]
[-1.8019586193807515, -0.09099372083099083, 0.28236562102242807, -1.54652271137283, 0.05489673404046727, 0.5534163027732174, -1.8899566011546338, -0.1412531604253795]
[-1.802749488753622, -0.08886871894348713, 0.28329139432811534, -1.5429705683938857, 0.052996745076609925, 0.5523436246758535, -1.8893933369162306, -0.1361849896672777]
[-1.8036273044010884, -0.08667717459863511, 0.2841929033095883, -1.5395785800196746, 0.05104407119527238, 0.5512343413103642, -1.888830072677827, -0.13111681890917593]
[-1.8045898802488103, -0.08441661180351645, 0.2850700707512778, -1.5363477228490559, 0.049042723861563386, 0.5500884676926241, -1.8882668084394238, -0.12604864815107414]
[-1.8056349605678332, -0.08208462011931003, 0.2859228215225036, -1.5332788679514664, 0.04699673156292769, 0.5489060214852227, -1.8877035442010204, -0.12098047739297237]
[-1.806760221885891, -0.0796788566122976, 0.28675108258390897, -1.530372780638548, 0.04491013696298911, 0.5476870229996437, -1.8871402799626171, -0.1159123066348706]
[-1.8079632749532537, -0.07719704774967187, 0.287554782993717, -1.5276301203134466, 0.042786994055358546, 0.5464314951982385, -1.8865770157242137, -0.11084413587676882]
[-1.8092416667615456, -0.07463699123862347, 0.28833385391380645, -1.5250514403976214, 0.04063136531953768, 0.5451394636959961, -1.8860137514858104, -0.10577596511866705]
[-1.8105928826138886, -0.0719965578072278, 0.28908822861560823, -1.5226371883349386, 0.03844731888104094, 0.5438109567621056, -1.885450487247407, -0.10070779436056528]
[-1.8120143482447113, -0.069273692925701, 0.2898178424858206, -1.5203877056727664, 0.0362389256778471, 0.5424460053213154, -1.8848872230090037, -0.0956396236024635]
[-1.8135034319875014, -0.06646641846664075, 0.29052263303194337, -1.518303228219732, 0.03401025663528025, 0.5410446429550845, -1.8843239587706002, -0.09057145284436173]
[-1.8150574469887588, -0.06357283430291821, 0.29120253988763073, -1.5163838862797452, 0.03176537985140482, 0.539606905902529, -1.883760694532197, -0.08550328208625994]
[-1.8166736534663552, -0.0605911198419362, 0.29185750481786127, -1.5146297049618282, 0.02950835779500577, 0.5381328330611608, -1.8831974302937935, -0.08043511132815816]
[-1.818349261010481, -0.05751953549502107, 0.2924874717239263, -1.5130406045652485, 0.027243244518206304, 0.5366224659874202, -1.8826341660553902, -0.07536694057005638]
[-1.8200814309253182, -0.05435642408076703, 0.2930923866482346, -1.511616401039379, 0.02497408288575835, 0.5350758488970025, -1.8820709018169868, -0.0702987698119546]
[-1.821867278609553, -0.05110021216120557, 0.29367219777893394, -1.5103568065176756, 0.02270490182301997, 0.533493028664975, -1.8815076375785835, -0.06523059905385281]
[-1.8237038759738025, -0.047749411309726014, 0.29422685545434896, -1.5092614299250822, 0.020439713584613342, 0.5318740548256897, -1.88094437334018, -0.06016242829575103]
[-1.8255882538930062, -0.04430261930972857, 0.29475631216723475, -1.5083297776581468, 0.01818251104573327, 0.5302189795724862, -1.8803811091017768, -0.05509425753764925]
[-1.8275174046918021, -0.040758521283046904, 0.2952605225688459, -1.5075612543370545, 0.015937265018051934, 0.5285278577571877, -1.8798178448633733, -0.050026086779547466]
[-1.8294882846608835, -0.03711589074723368, 0.29573944347282044, -1.5069551636287501, 0.013707921592140147, 0.5268007468893887, -1.87925458062497, -0.044957916021445686]
[-1.831497816602302, -0.03337359060085968, 0.29619303385887924, -1.5065107091402616, 0.011498399508297515, 0.5250377071355365, -1.8786913163865666, -0.0398897452633439]
[-1.8335428924016663, -0.029530574036035283, 0.2966212548763392, -1.5062269953812837, 0.009312587557655537, 0.5232388013178023, -1.8781280521481634, -0.03482157450524211]
[-1.835620375625159, -0.025585885377421316, 0.29702406984744095, -1.506103028795041, 0.007154342015388299, 0.5214040949127456, -1.87756478790976, -0.02975340374714033]
[-1.8377271041392769, -0.02153866084705573, 0.2974014442704902, -1.506137718856393, 0.0050274841078326755, 0.5195336560497703, -1.8770015236713566, -0.024685232989038547]
[-1.8398598927511798, -0.017388129254381962, 0.2977533458228131, -1.5063298792360955, 0.0029357975152891104, 0.5176275555093717, -1.8764382594329532, -0.01961706223093676]
[-1.8420155358675196, -0.01313361261092521, 0.29807974436352463, -1.5066782290300942, 0.0008830259122387836, 0.5156858667211766, -1.87587499519455, -0.014548891472834974]
[-1.8441908101696018, -0.008774526669123353, 0.29838061193611015, -1.507181394052669, -0.001127129453321064, 0.5137086657617738, -1.8753117309561464, -0.009480720714733187]
[-1.8463824773027233, -0.004310381384880346, 0.2986559227708198, -1.507837908192215, -0.003091012139759547, 0.5116960313523365, -1.8747484667177432, -0.004412549956631402]
[-1.848587286577515, 0.0002592186965288538, 0.2989056532868763, -1.5086462148283926, -0.005005012849283279, 0.5096480448560385, -1.8741852024793397, 0.0006556208014703831]
[-1.8508019776811122, 0.004934574131510981, 0.29912978209449376, -1.509604668309343, -0.00686557172140801, 0.5075647902752574, -1.8736219382409365, 0.005723791559572169]
[-1.8530232833959623, 0.009715890346412018, 0.29932828999671046, -1.5107115354876228, -0.00866918058088214, 0.5054463542485748, -1.873058674002533, 0.010791962317673955]
[-1.8552479323240807, 0.014603277483164883, 0.29950115999103294, -1.5119649973134701, -0.010412385138552983, 0.5032928260475656, -1.8724954097641298, 0.015860133075775742]
[-1.8574726516145523, 0.01959675032245024, 0.29964837727089216, -1.5133631504839762, -0.01209178714370732, 0.5011042975733792, -1.8719321455257263, 0.02092830383387753]
[-1.8596941696920835, 0.024696228284430844, 0.29976992922691176, -1.5149040091467003, -0.013704046486466125, 0.4988808633531132, -1.871368881287323, 0.025996474591979315]
[-1.861909218984397, 0.029901535507057847, 0.299865805447988, -1.5165855066562273, -0.015245883248848284, 0.49662262053598005, -1.8708056170489196, 0.0310646453500811]
[-1.8641145386462796, 0.0352124010018846, 0.2999359977221818, -1.5184054973821386, -0.016714079703172777, 0.4943296688892642, -1.8702423528105163, 0.036132816108182884]
[-1.8663068772780707, 0.04062845888726168, 0.2999805000374217, -1.5203617585668197, -0.018105482256503956, 0.4920021107940735, -1.8696790885721128, 0.04120098686628467]
[-1.868482995636414, 0.046149248698724055, 0.2999993085820189, -1.5224519922315132, -0.019417003339901456, 0.48964005124088145, -1.8691158243337096, 0.04626915762438646]
[-1.8706396693350744, 0.05177421577631977, 0.2999924217449941, -1.524673827128981, -0.020645623241272906, 0.48724359782486426, -1.8685525600953061, 0.051337328382488244]
[-1.8727736915336477, 0.05750271172856716, 0.29995984011621474, -1.5270248207411186, -0.021788391880685806, 0.4848128607410282, -1.8679892958569029, 0.05640549914059003]
[-1.874881875611989, 0.0633339949726663, 0.2999015664863454, -1.5295024613198263, -0.022842430527034496, 0.48234795277913345, -1.8674260316184994, 0.06147366989869181]
[-1.8769610578282072, 0.06926723135052888, 0.29981760584660816, -1.5321041699694322, -0.023804933455013347, 0.47984898931840836, -1.8668627673800962, 0.0665418406567936]
[-1.8790080999580785, 0.07530149482012974, 0.29970796538835504, -1.534827302768917, -0.024673169541396076, 0.4773160883220588, -1.8662995031416927, 0.07161001141489538]
[-1.88101989191375, 0.08143576822162284, 0.29957265450245246, -1.537669152932182, -0.025444483799670223, 0.47474937033157194, -1.8657362389032894, 0.07667818217299717]
[-1.8829933543396196, 0.087668944117604, 0.29941168477847663, -1.540626953004569, -0.02611629885212724, 0.4721489584608129, -1.865172974664886, 0.08174635293109896]
[-1.8849254411833007, 0.09399982570684345, 0.299225070003721, -1.5436978770938299, -0.026686116338561564, 0.4695149783899173, -1.8646097104264827, 0.08681452368920074]
[-1.8868131422395937, 0.10042712781075197, 0.2990128261620152, -1.5468790431337118, -0.027151518260784796, 0.4668475583589773, -1.8640464461880792, 0.09188269444730253]
[-1.8886534856654162, 0.10694947793178568, 0.29877497143235615, -1.5501675151783225, -0.02751016826220863, 0.46414682916152433, -1.863483181949676, 0.09695086520540432]
[-1.890443540463655, 0.11356541738293711, 0.298511526187351, -1.5535603057254015, -0.027759812841811657, 0.4614129241378061, -1.8629199177112725, 0.1020190359635061]
[-1.892180418933947, 0.12027340248740274, 0.2982225129914721, -1.5570543780666348, -0.027898282501848462, 0.4586459791678603, -1.8623566534728693, 0.10708720672160789]
[-1.8938612790883989, 0.12707180584746045, 0.2979079565991244, -1.5606466486631132, -0.0279234928287235, 0.455846132664384, -1.8617933892344658, 0.11215537747970968]
[-1.895483327030305, 0.1339589176815355, 0.29756788395252504, -1.5643339895440374, -0.027833445506494636, 0.45301352556540053, -1.8612301249960626, 0.11722354823781146]
[-1.8970438192939403, 0.1409329472283778, 0.297202324179396, -1.568113230726757, -0.027626229262538243, 0.45014830132672284, -1.860666860757659, 0.12229171899591325]
[-1.8985400651435393, 0.14799202421721977, 0.29681130859046917, -1.5719811626562252, -0.027300020744947917, 0.4472506059142147, -1.8601035965192558, 0.12735988975401502]
[-1.8999694288296058, 0.15513420040273118, 0.2963948706768041, -1.575934538661936, -0.02685308533130637, 0.44432058779584943, -1.8595403322808524, 0.1324280605121168]
[-1.9013293318007347, 0.16235745116353462, 0.29595304610692014, -1.5799700774304175, -0.02628377786851563, 0.44135839793356846, -1.858977068042449, 0.1374962312702186]
[-1.9026172548691542, 0.16965967716299496, 0.29548587272374094, -1.5840844654913389, -0.02559054334342642, 0.4383641897749372, -1.8584138038040456, 0.14256440202832038]
[-1.9038307403282477, 0.17703870607094474, 0.29499339054135326, -1.5882743597152924, -0.02477191748406876, 0.4353381192446013, -1.8578505395656424, 0.14763257278642217]
[-1.904967394020338, 0.18449229434496037, 0.29447564174157975, -1.5925363898213092, -0.023826527291328475, 0.4322803447355432, -1.857287275327239, 0.15270074354452395]
[-1.9060248873530699, 0.19201812906975368, 0.29393267067036594, -1.596867160892169, -0.022753091500981815, 0.42919102710013834, -1.8567240110888357, 0.15776891430262577]
[-1.9061286478984067, 0.19279299369718378, 0.2938756313104774, -1.597314512475882, -0.022635860827000143, 0.42887281054632864, -1.8566663153469563, 0.15828805230557919]
[-1.9061286478984067, 0.19279299369718378, 0.2938756313104774, -1.597314512475882, -0.022635860827000143, 0.42887281054632864, -1.8566663153469563, 0.15828805230557919]
[-1.8816462049150893, 0.1945211876012206, 0.29429685653020127, -1.5748177409737965, -0.022990321767367955, 0.43047702031195456, -1.8341514756712791, 0.16085204846017212]
[-1.8571769426821696, 0.19621994603519588, 0.29470321429955937, -1.5523509846227619, -0.02335434773034417, 0.43206501688866533, -1.811636635995602, 0.16341604461476505]
[-1.8327212918831504, 0.1978894658423198, 0.2950946840899465, -1.5299144671258307, -0.023727586404611062, 0.4336367680708476, -1.7891217963199249, 0.165980040769358]
[-1.8082796802674714, 0.19952995016263153, 0.2954712461248765, -1.5075084077037548, -0.02410968137690994, 0.435192242418421, -1.7666069566442477, 0.16854403692395092]
[-1.783852532558455, 0.2011416083892802, 0.2958328813809817, -1.4851330210263844, -0.024500272191748967, 0.43673140925795295, -1.7440921169685706, 0.17110803307854386]
[-1.7594402703619028, 0.20272465612346077, 0.2961795715889733, -1.4627885171448851, -0.02489899441220425, 0.43825423868373425, -1.7215772772928934, 0.1736720292331368]
[-1.7350433120753612, 0.204279315128014, 0.2965112992345649, -1.4404751014247918, -0.02530547968180419, 0.4397607015588173, -1.6990624376172163, 0.17623602538772973]
[-1.7106620727980804, 0.2058058132796999, 0.2968280475593568, -1.418192974479914, -0.02571935578748466, 0.44125076951601583, -1.6765475979415392, 0.17880002154232266]
[-1.6862969642416807, 0.2073043845201558, 0.29712980056168325, -1.3959423321071118, -0.026140246723603655, 0.44272441495886616, -1.654032758265862, 0.1813640176969156]
[-1.6619483946415492, 0.2087752688055492, 0.29741654299742004, -1.3737233652219571, -0.026567772757002617, 0.44418161106254994, -1.631517918590185, 0.18392801385150853]
[-1.6376167686689844, 0.21021871205493634, 0.2976882603807553, -1.3515362597952973, -0.027001550493101822, 0.44562233177477917, -1.6090030789145078, 0.18649201000610147]
[-1.6133024873441064, 0.21163496609733726, 0.2979449389849208, -1.3293811967907374, -0.027441192943017667, 0.44704655181664166, -1.5864882392388306, 0.18905600616069443]
[-1.5890059479495557, 0.2130242886175392, 0.2981865658428858, -1.3072583521030563, -0.027886309591689112, 0.4484542466834093, -1.5639733995631535, 0.19162000231528736]
[-1.5647275439449935, 0.21438694310064002, 0.2984131287480118, -1.2851678964975726, -0.02833650646699823, 0.4498453926453067, -1.5414585598874764, 0.19418399846988033]
[-1.5404676648824263, 0.2157231987753429, 0.29862461625466946, -1.2631099955504772, -0.028791386209874203, 0.45121996674824205, -1.5189437202117992, 0.1967479946244733]
[-1.5162266963223705, 0.21703333055601548, 0.2988210176788167, -1.2410848095901448, -0.02925054814536443, 0.45257794681449864, -1.496428880536122, 0.19931199077906625]
[-1.4920050197508774, 0.21831761898352509, 0.29900232309853836, -1.2190924936394443, -0.029713588354660286, 0.4539193114433887, -1.473914040860445, 0.2018759869336592]
[-1.4678030124974337, 0.21957635016486327, 0.2991685233545477, -1.1971331973590582, -0.03018009974806335, 0.45524404001186775, -1.4513992011847678, 0.20443998308825218]
[-1.4436210476537563, 0.22080981571157246, 0.2993196100506486, -1.1752070649918271, -0.030649672138876788, 0.4565521126751104, -1.4288843615090907, 0.2070039792428451]
[-1.4194594939935006, 0.22201831267698807, 0.2994555755541605, -1.153314235308138, -0.03112189231820789, 0.45784351036704835, -1.4063695218334136, 0.20956797539743804]
[-1.395318715892897, 0.22320214349230943, 0.2995764129963034, -1.1314548415523642, -0.03159634413066781, 0.4591182148008683, -1.3838546821577364, 0.21213197155203098]
[-1.3711990732523336, 0.22436161590151343, 0.2996821162725448, -1.1096290113903748, -0.03207260855095034, 0.460376208469472, -1.3613398424820593, 0.21469596770662394]
[-1.3471009214189027, 0.22549704289512482, 0.29977268004290863, -1.087836866858128, -0.03255026376127887, 0.46161747464589736, -1.3388250028063822, 0.21725996386121688]
[-1.3230246111099266, 0.22660874264285746, 0.29984809973224447, -1.0660785243113593, -0.033028885229702265, 0.4628419973837007, -1.316310163130705, 0.21982396001580984]
[-1.2989704883374806, 0.2276970384251409, 0.299908371530459, -1.044354094376382, -0.033508045789225754, 0.46404976151730026, -1.293795323455028, 0.22238795617040277]
[-1.2749388943339275, 0.2287622585635474, 0.2999534923927084, -1.022663681902008, -0.03398731571776056, 0.46524075266228093, -1.2712804837793508, 0.2249519523249957]
[-1.250930165478482, 0.22980473635013365, 0.29998346003955223, -1.0010073859126074, -0.03446626281887544, 0.4664149572156604, -1.2487656441036736, 0.22751594847958867]
[-1.2269446332248175, 0.23082480997571309, 0.2999982729570683, -0.9793852995623148, -0.034944452503336276, 0.4675723623561153, -1.2262508044279965, 0.2300799446341816]
[-1.2029826240297354, 0.23182282245707406, 0.2999979303969296, -0.9577975100903993, -0.035421447871413075, 0.46871295604417074, -1.2037359647523194, 0.23264394078877454]
[-1.1790444592829084, 0.2327991215631592, 0.29998243237644173, -0.9362440987778073, -0.03589680979594137, 0.4698367270223483, -1.1812211250766422, 0.23520793694336747]
[-1.1551304552377133, 0.23375405974022231, 0.29995177967854225, -0.9147251409048907, -0.036370097006119345, 0.470943664815278, -1.158706285400965, 0.2377719330979604]
[-1.1312409229431715, 0.23468799403597848, 0.29990597385176093, -0.8932407057103334, -0.036840866172023506, 0.4720337597297686, -1.136191445725288, 0.24033592925255337]
[-1.1073761681770073, 0.23560128602276414, 0.29984501721014173, -0.8717908563512876, -0.037308671989827014, 0.47310700285484153, -1.1136766060496108, 0.2428999254071463]
[-1.0835364913798422, 0.2364943017197234, 0.2997689128331258, -0.8503756498647295, -0.03777306726770113, 0.47416338606172437, -1.0911617663739337, 0.24546392156173924]
[-1.0597221875905365, 0.23736741151403715, 0.2996776645653959, -0.8289951371300476, -0.038233603012384015, 0.47520290200380655, -1.0686469266982566, 0.24802791771633217]
[-1.0359335463826942, 0.23822099008121253, 0.2995712770166822, -0.8076493628328731, -0.038689828516397545, 0.4762255441165547, -1.0461320870225794, 0.2505919138709251]
[-1.0121708518023442, 0.2390554163044493, 0.29944975556152925, -0.7863383654301634, -0.03914129144589537, 0.47723130661739144, -1.0236172473469023, 0.25315591002551807]
[-0.9884343823068097, 0.23987107319310064, 0.29931310633902475, -0.7650621771165484, -0.039587537929123895, 0.478220184505533, -1.0011024076712252, 0.25571990618011103]
[-0.964724410704782, 0.24066834780024626, 0.2991613362524894, -0.7438208237919509, -0.04002811264547673, 0.47919217356179045, -0.9785875679955479, 0.258283902334704]
[-0.9410412040976094, 0.24144763113939502, 0.2989944529691277, -0.7226143250304904, -0.040462558915125374, 0.4801472703483294, -0.9560727283198707, 0.26084789848929696]
[-0.9173850238218131, 0.24220931810033536, 0.29881246491964103, -0.7014426940506768, -0.040890418789207295, 0.48108547220839326, -0.9335578886441934, 0.2634118946438899]
[-0.8937561253928455, 0.24295380736415167, 0.29861538129780185, -0.6803059376869096, -0.04131123314055224, 0.4820067772659873, -0.9110430489685162, 0.2659758907984829]
[-0.8701547584501006, 0.24368150131742436, 0.2984032120599889, -0.6592040563622856, -0.04172454175492804, 0.48291118442552233, -0.8885282092928389, 0.26853988695307585]
[-0.8465811667031876, 0.2443928059656331, 0.2981759679246843, -0.6381370440627253, -0.0421298834227867, 0.4837986933714222, -0.8660133696171617, 0.2711038831076688]
[-0.8230355878794832, 0.24508813084578057, 0.2979336603719321, -0.6171048883124295, -0.042526796031492564, 0.4846693045676902, -0.8434985299414844, 0.27366787926226177]
[-0.7995182536729689, 0.24576788893825693, 0.2976763016427586, -0.5961075701506695, -0.04291481665801064, 0.48552301925743935, -0.8209836902658072, 0.27623187541685473]
[-0.7760293896943683, 0.24643249657796257, 0.29740390473855355, -0.5751450641099215, -0.043293481662039945, 0.4863598394623815, -0.79846885059013, 0.2787958715714477]
[-0.7525692154225925, 0.24708237336470948, 0.29711648342041336, -0.5542173381953533, -0.043662326779567356, 0.48717976798227924, -0.7759540109144527, 0.28135986772604066]
[-0.7291379441575054, 0.24771794207291978, 0.29681405220844626, -0.5333243538656681, -0.04402088721682576, 0.4879828083943596, -0.7534391712387755, 0.2839238638806336]
[-0.7057357829740196, 0.24833962856064107, 0.2964966263810384, -0.5124660660153142, -0.04436869774463564, 0.48876896505268813, -0.7309243315630982, 0.2864878600352266]
[-0.6823629326775305, 0.24894786167789812, 0.2961642219740822, -0.4916424229580667, -0.04470529279310964, 0.48953824308750493, -0.708409491887421, 0.28905185618981954]
[-0.6590195877607002, 0.24954307317440091, 0.29581685578016625, -0.4708533664119884, -0.045030206546700674, 0.49029064840452274, -0.6858946522117437, 0.2916158523444125]
[-0.6357059363616009, 0.2501256976066284, 0.2954545453477269, -0.4500988314857738, -0.045342973039573575, 0.4910261876841862, -0.6633798125360665, 0.29417984849900547]
[-0.6124221602232239, 0.2506961722443082, 0.29507730898016166, -0.42937874666648446, -0.04564312625127881, 0.49174486838089215, -0.6408649728603892, 0.29674384465359843]
[-0.5891684346543669, 0.2512549369763128, 0.2946851657349047, -0.4086930338086804, -0.04593020020270988, 0.49244669872217267, -0.618350133184712, 0.2993078408081914]
[-0.5659449284919038, 0.25180243421599174, 0.2942781354224641, -0.38804160812495136, -0.04620372905232234, 0.4931316877078392, -0.5958352935090347, 0.30187183696278436]
[-0.5427518040644499, 0.25233910880596044, 0.2938562386054209, -0.36742437817785556, -0.04646324719259448, 0.4937998451090888, -0.5733204538333575, 0.3044358331173773]
[-0.5195892171574248, 0.2528654079223666, 0.2934194965973904, -0.3468412458732669, -0.04670828934670945, 0.4944511814675714, -0.5508056141576803, 0.3069998292719703]
[-0.4964573169795258, 0.2533817809786543, 0.29296793146194544, -0.3262921064551396, -0.04693839066543687, 0.4950857080944201, -0.528290774482003, 0.30956382542656324]
[-0.47335624613061544, 0.25388867952884636, 0.2925015660115017, -0.3057768485016892, -0.047153086824195445, 0.4957034370692427, -0.5057759348063258, 0.3121278215811562]
[-0.45028614057103133, 0.25438655717036623, 0.2920204238061654, -0.2852953539229972, -0.047351914120273175, 0.49630438123907517, -0.4832610951306486, 0.31469181773574917]
[-0.42724712959232536, 0.25487586944642043, 0.2915245291525429, -0.2648474979600419, -0.04753440957018584, 0.49688855421729716, -0.4607462554549714, 0.31725581389034213]
[-0.4042393357894374, 0.2553570737479616, 0.29101390710251296, -0.24443314918515702, -0.04770011100715271, 0.4974559703825103, -0.4382314157792942, 0.3198198100449351]
[-0.38126287503431067, 0.2558306292152546, 0.2904885834519609, -0.22405216950392315, -0.04784855717866815, 0.49800664487737734, -0.415716576103617, 0.32238380619952806]
[-0.35831785645095365, 0.2562969966390655, 0.2899485847394757, -0.20370441415849244, -0.04797928784414757, 0.49854059360742486, -0.3932017364279398, 0.324947802354121]
[-0.3354043823919543, 0.256756638361496, 0.28939393824500914, -0.18338973173235049, -0.048091843872627826, 0.49905783323980724, -0.37068689675226263, 0.327511798508714]
[-0.31252254841645133, 0.2572100181764834, 0.2888246719884977, -0.1631079641565154, -0.04818576734050001, 0.4995583812020338, -0.34817205707658544, 0.33007579466330694]
[-0.2896724432695676, 0.2576576012299887, 0.28824081472844704, -0.14285894671717705, -0.0482606016292535, 0.5000422556806576, -0.32565721740090825, 0.33263979081789985]
[-0.26685414886330977, 0.2580998539198933, 0.2876423959604792, -0.12264250806477717, -0.04831589152321092, 0.5005094756199273, -0.30314237772523106, 0.33520378697249276]
[-0.24406774025893885, 0.2585372437956265, 0.2870294459158423, -0.10245847022453111, -0.04835118330723093, 0.5009600607204008, -0.28062753804955387, 0.33776778312708566]
[-0.22131328565081443, 0.25897023945754516, 0.28640199555988377, -0.08230664860839174, -0.048366024864359924, 0.5013940314375234, -0.2581126983738767, 0.34033177928167857]
[-0.19859084635171723, 0.259399310456087, 0.28576007659048547, -0.062186852028456335, -0.04835996577340995, 0.5018114089801655, -0.2355978586981995, 0.34289577543627153]
[-0.17590047677965226, 0.2598249271907198, 0.28510372143646284, -0.04209888271181564, -0.048332557406441046, 0.5022122153091265, -0.2130830190225223, 0.34545977159086444]
[-0.15324222444613603, 0.26024756080870753, 0.28443296325592626, -0.022042536316845524, -0.04828335302612813, 0.5025964731355992, -0.19056817934684514, 0.34802376774545735]
[-0.13061612994596972, 0.2606676831037159, 0.28374783593460623, -0.002017601950939668, -0.0482119078829899, 0.502964205919598, -0.16805333967116798, 0.35058776390005025]
[-0.10802222694850114, 0.26108576641427844, 0.28304837408414135, 0.017976137810316623, -0.04811777931245992, 0.5033154378683502, -0.14553849999549082, 0.3531517600546432]
[-0.08546054219037702, 0.2615022835221455, 0.28233461304032986, 0.03793890690253375, -0.04800052683177619, 0.5036501939346505, -0.12302366031981365, 0.3557157562092361]
[-0.06293109546978715, 0.2619177075505379, 0.28160658886134454, 0.05787093575046737, -0.04785971223667024, 0.5039684998151779, -0.10050882064413649, 0.35827975236382903]
[-0.04043389964220164, 0.2623325118623272, 0.280864338325911, 0.07777246124453244, -0.04769489969783358, 0.504270381948777, -0.07799398096845933, 0.36084374851842194]
[-0.017968960617602538, 0.26274716995816394, 0.28010789893144983, 0.09764372671588356, -0.047505655857139506, 0.504555867514702, -0.055479141292782176, 0.36340774467301484]
[0.004463722640790133, 0.2631621553745768, 0.27933730889218206, 0.11748498191006436, -0.04729154992360041, 0.5048249844308244, -0.03296430161710502, 0.36597174082760775]
[0.026864158116297242, 0.2635779415820637, 0.278552607137199, 0.13729648295922936, -0.04705215376903793, 0.5050777613518042, -0.010449461941427873, 0.36853573698220066]
[0.04923236073706448, 0.26399500188319697, 0.2777538333084951, 0.1570784923529403, -0.04678704202344636, 0.5053142276672244, 0.012065377734249271, 0.37109973313679356]
[0.07156835237285183, 0.26441380931076536, 0.27694102775896584, 0.17683127890754174, -0.04649579217002625, 0.5055344134996906, 0.03458021740992641, 0.3736637292913865]
[0.09387216183032908, 0.26483483652597306, 0.2761142315503687, 0.19655511773411882, -0.046177984639868996, 0.5057383497028928, 0.05709505708560354, 0.37622772544597943]
[0.11614382484687846, 0.26525855571671964, 0.27527348645124894, 0.21625029020504116, -0.045833202906269854, 0.5059260678596316, 0.07960989676128068, 0.37879172160057234]
[0.13838338408290632, 0.2656854384959812, 0.2744188349348297, 0.23591708391910024, -0.045461033578649446, 0.5060976002798098, 0.10212473643695781, 0.3813557177551653]
[0.16059088911266356, 0.2661159558003158, 0.2735503201768661, 0.25555579266523754, -0.045061066496061675, 0.5062529799983863, 0.12463957611263493, 0.3839197139097582]
[0.1827663964135802, 0.26655057778851377, 0.272667986053464, 0.2751667163848802, -0.04463289482026861, 0.5063922407732953, 0.14715441578831207, 0.3864837100643511]
[0.20490996935411226, 0.2669897737404161, 0.27177187713886364, 0.2947501611328763, -0.04417611512836017, 0.5065154170833301, 0.1696692554639892, 0.389047706218944]
[0.22702167818010718, 0.2674340119559213, 0.2708620387031878, 0.3143064390370465, -0.04369032750489865, 0.5066225441259905, 0.19218409513966633, 0.39161170237353693]
[0.24910159999968884, 0.2678837596542042, 0.2699385167101547, 0.3338358682563534, -0.04317513563356612, 0.506713657815296, 0.21469893481534347, 0.3941756985281299]
[0.271149818766665, 0.26833948287316556, 0.26900135781475587, 0.35333877293769117, -0.04263014688829725, 0.5067887947795622, 0.2372137744910206, 0.3967396946827228]
[0.2931664252624631, 0.26880164636913795, 0.2680506093608997, 0.37281548317131163, -0.04205497242387213, 0.5068479923591438, 0.25972861416669774, 0.39930369083731576]
[0.3151515170765947, 0.26927071351686593, 0.2670863193790191, 0.3922663349448822, -0.04144922726595368, 0.5068912886041417, 0.28224345384237487, 0.40186768699190867]
[0.337105198585657, 0.26974714620978424, 0.2661085365836454, 0.41169167009619473, -0.04081253040054511, 0.506918722272074, 0.304758293518052, 0.40443168314650163]
[0.35902758093087167, 0.27023140476061436, 0.2651173103709474, 0.4310918362645204, -0.04014450486285093, 0.506930332825515, 0.32727313319372914, 0.40699567930109454]
[0.3809187819941698, 0.270723947802302, 0.2641126908162357, 0.45046718684063175, -0.039444777825517086, 0.5069261604296971, 0.34978797286940627, 0.4095596754556875]
[0.4027789263728244, 0.2712252321893148, 0.2630947286714332, 0.4698180809154856, -0.03871298068623541, 0.5069062459500788, 0.3723028125450834, 0.4121236716102804]
[0.42460814535263974, 0.27173571289932413, 0.26206347536251107, 0.48914488322759037, -0.03794874915468671, 0.5068706309498792, 0.39481765222076054, 0.4146876677648733]
[0.446406576879699, 0.2722558429352899, 0.2610189829868908, 0.5084479641090516, -0.03715172333880734, 0.5068193576875768, 0.4173324918964376, 0.4172516639194662]
[0.4681743655306809, 0.27278607322797094, 0.2599613043108124, 0.5277276994303186, -0.03632154783035696, 0.5067524691143754, 0.4398473315721147, 0.4198156600740592]
[0.4899116624817476, 0.2733268525388802, 0.25889049276666865, 0.5469844705436289, -0.035457871789769724, 0.506670008871635, 0.4623621712477918, 0.4223796562286521]
[0.5116186254760138, 0.2738786273637086, 0.2578066024503056, 0.5662186642251714, -0.03456034903026611, 0.5065720212882696, 0.48487701092346885, 0.42494365238324505]
[0.5332954187896007, 0.27444184183623443, 0.25670968811829015, 0.5854306726159678, -0.03362863810121114, 0.5064585513781101, 0.5073918505991459, 0.42750764853783796]
[0.5549422131962869, 0.27501693763274315, 0.2555998051851434, 0.6046208931614925, -0.03266240237069418, 0.5063296448372356, 0.5299066902748231, 0.43007164469243087]
[0.5765591859307577, 0.275604353876974, 0.25447700972054155, 0.6237897285500307, -0.03166131010731699, 0.5061853480412692, 0.5524215299505002, 0.4326356408470238]
[0.598146520650467, 0.2762045270456175, 0.253341358446483, 0.6429375866497977, -0.030625034561164943, 0.5060257080426409, 0.5749363696261773, 0.43519963700161673]
[0.6197044073961143, 0.27681789087438147, 0.25219290873442296, 0.662064880444817, -0.029553254043949373, 0.5058507725678183, 0.5974512093018544, 0.43776363315620964]
[0.6412330425507503, 0.2774448762646482, 0.25103171860237533, 0.6811720279695802, -0.028445652008295186, 0.5056605900145036, 0.6199660489775314, 0.44032762931080255]
[0.6627326287975166, 0.2780859111907401, 0.2498578467119815, 0.7002594522424949, -0.027301917126162645, 0.5054552094487972, 0.6424808886532084, 0.4428916254653955]
[0.6842033750760289, 0.27874142060781604, 0.2486713523655468, 0.7193275811981295, -0.026121743366379457, 0.5052346806023292, 0.6649957283288854, 0.4454556216199884]
[0.7056454965374154, 0.2794118263604182, 0.2474722955030449, 0.7383768476182752, -0.024904830071265927, 0.5049990538693587, 0.6875105680045625, 0.4480196177745813]
[0.7270592144980164, 0.28009754709168627, 0.24626073669908938, 0.7574076890618284, -0.023650882032340115, 0.5047483803038388, 0.7100254076802395, 0.45058361392917423]
[0.7484447563917598, 0.2807989981532628, 0.245036737159874, 0.7764205477935158, -0.022359609565076655, 0.5044827116164521, 0.7325402473559165, 0.4531476100837672]
[0.7698023557212171, 0.2815165915159052, 0.2438003587200801, 0.7954158707114639, -0.02103072858271121, 0.5042021001716106, 0.7550550870315935, 0.4557116062383601]
[0.7911322520073563, 0.2822507356808268, 0.24255166383975357, 0.8143941092736384, -0.019663960669062952, 0.503906598984428, 0.7775699267072705, 0.45827560239295306]
[0.8124346907379967, 0.28300183559178266, 0.2412907156011484, 0.8333557194231553, -0.018259033150369586, 0.5035962617176545, 0.8000847663829476, 0.46083959854754597]
[0.8337099233149825, 0.28377029254792374, 0.2400175777055412, 0.8523011615124879, -0.016815679166104047, 0.5032711426785864, 0.8225996060586246, 0.46340359470213893]
[0.8549582070000812, 0.28455650411743194, 0.23873231447001164, 0.8712309002265736, -0.015333637738771, 0.5029312968159376, 0.8451144457343016, 0.46596759085673184]
[0.876179804859623, 0.2853608640519614, 0.23743499082419464, 0.8901454045048451, -0.013812653842652178, 0.5025767797166865, 0.8676292854099787, 0.4685315870113248]
[0.8973749857078888, 0.2861837622018983, 0.23612567230699893, 0.90904514746219, -0.012252478471496686, 0.5022076476028838, 0.8901441250856558, 0.4710955831659177]
[0.9185440240492643, 0.28702558443246284, 0.23480442506329743, 0.9279306063088641, -0.01065286870512816, 0.5018239573284388, 0.9126589647613329, 0.47365957932051067]
[0.9396872000191654, 0.287886712540666, 0.23347131584058428, 0.9468022622693616, -0.00901358777496536, 0.5014257663758641, 0.9351738044370099, 0.4762235754751036]
[0.9608047993237567, 0.2887675241731452, 0.23212641198560427, 0.9656606005002712, -0.00733440512842648, 0.5010131328530009, 0.9576886441126871, 0.47878757162969654]
[0.9818971131784663, 0.289668392744889, 0.23076978144094937, 0.9845061100071192, -0.005615096492216365, 0.5005861154897026, 0.980203483788364, 0.48135156778428945]
[1.0029644382453191, 0.2905896873588769, 0.22940149274162736, 1.003339283560228, -0.003855443934466296, 0.5001447736344979, 1.002718323464041, 0.4839155639388824]
[1.007901209474669, 0.2908087299552602, 0.2290789445695097, 1.0077539914974105, -0.0034369371003592497, 0.5000392105604123, 1.00799812615947, 0.4845168293266486]
