[-1, 0.294030361697727, 0.2288060723395453, -1, 5.551115123125783e-17, 0.49999999999999994, -1, 0.1]
[-0.9962783943562339, 0.29385197740043134, 0.22977336003579402, -0.9976858030424524, -0.0006588411640712777, 0.5004417862499659, -0.9972001377170885, 0.10097026907370041]
[-0.9851800904356117, 0.29326221370597483, 0.23264065802535888, -0.9908370342478711, -0.0026437159057805526, 0.5017274094779487, -0.988800560201591, 0.10388107306044578]
[-0.9669098498187716, 0.29210383975632137, 0.23730284561829718, -0.9797375987250384, -0.005971053880073129, 0.5037363394617889, -0.9748012986500875, 0.10873240114931985]
[-0.9418253387911694, 0.2901374938211754, 0.24358011614179273, -0.9648676340064298, -0.010639063205161892, 0.5062634147631465, -0.9552023446600326, 0.11552425625215497]
[-0.9104585654211613, 0.287077982576061, 0.2512114610636048, -0.9469100812241907, -0.016582567946824778, 0.5090128517731962, -0.930003694837354, 0.12425663954513883]
[-0.8735387478850265, 0.28264899036489244, 0.2598464783939676, -0.9267515865663613, -0.02360775528730652, 0.5115907922165415, -0.8992053523449631, 0.13492954993219075]
[-0.8320088499734085, 0.27665856892025864, 0.26903646563384603, -0.9054690272413086, -0.031306474207611734, 0.5134973716434117, -0.8628073250520785, 0.14754298468629823]
[-0.7870250170078681, 0.26909610847324683, 0.27822613262245066, -0.8842901195895357, -0.03895217333545403, 0.5141196592281735, -0.8208096056434309, 0.16209694634250724]
[-0.7399254625680916, 0.26024790793352, 0.28674764869474967, -0.8645143172013999, -0.04538398275691413, 0.5127272156784726, -0.7732121931654332, 0.17859143523127533]
[-0.6937870298132246, 0.2511434011327359, 0.2936100816010556, -0.8479114158768857, -0.04884392683437072, 0.5086758312676521, -0.7219319617262321, 0.1963621745141797]
[-0.6558436621513217, 0.2439420922726149, 0.29771630565377943, -0.836625521775145, -0.048150630922823706, 0.5026547361328508, -0.6752874084064431, 0.21252645795732822]
[-0.6254491361962938, 0.23895697283143205, 0.2996225460953228, -0.8293000243386607, -0.04402213908261357, 0.4954991338333837, -0.6342425796524772, 0.22675020325307582]
[-0.6012886687335423, 0.23598263023736385, 0.2999741433798687, -0.8246198286341758, -0.03751452514701201, 0.487916951207389, -0.5987974754643344, 0.23903341040142248]
[-0.5823162895444408, 0.23461304254055948, 0.2993383554930789, -0.8216414703321772, -0.029762537804926492, 0.48052613200657557, -0.5689520958420146, 0.24937607940236833]
[-0.5677421721361019, 0.2343564255952446, 0.2981958669808369, -0.8197344918270789, -0.021859005906335993, 0.4738475776961592, -0.5447064407855176, 0.2577782102559133]
[-0.5569995629849886, 0.23472263938788612, 0.29693688230526705, -0.8185098605811663, -0.014769234451395802, 0.46830248311045336, -0.5260605102948434, 0.2642398029620575]
[-0.5497043883543394, 0.23528534549664662, 0.29586014911093084, -0.8177489651176104, -0.009274723002411889, 0.46421239223092853, -0.5130143043699918, 0.26876085752080103]
[-0.5456168879489377, 0.23572325857453397, 0.2951735459961917, -0.8173423876110142, -0.005939067563596578, 0.46180059349719826, -0.5055678230109633, 0.2713413739321435]
[-0.5415460094072041, 0.2357238044493403, 0.29499284841724666, -0.815096687556742, -0.004147494379543953, 0.46122096421620534, -0.5005069702244508, 0.27171014415812067]
[-0.5327356866717389, 0.23502218237824452, 0.29534897186218817, -0.8076602952037439, -0.002581649263295238, 0.46256403940331214, -0.49292289877386797, 0.2694304188885269]
[-0.5128368986464694, 0.23328794883403053, 0.2961837248438006, -0.7904678960483605, 0.0006124817849299247, 0.46583971888796655, -0.4762788456617297, 0.26392632182635456]
[-0.48074532451632124, 0.23030389074684565, 0.2973491745373248, -0.762502821396339, 0.005595183567116774, 0.47089660283726154, -0.4496348321707663, 0.2551152927223233]
[-0.43615407322298483, 0.22575816541475666, 0.2986072297922105, -0.7231687392794308, 0.012147796706389852, 0.47747363761878475, -0.4129908886420837, 0.2429973416100705]
[-0.37868553069131056, 0.21918055242653567, 0.29962866370399077, -0.6716837718319408, 0.019901608455643816, 0.485208655024023, -0.36634698035183666, 0.2275724570066109]
[-0.3079402055562426, 0.20991086861020508, 0.2999929112032546, -0.6071264289519716, 0.02828042575416792, 0.4936368782100292, -0.3097031121371606, 0.20884064051155882]
[-0.2237437500482627, 0.19709945370838922, 0.29919292929235286, -0.528672758971926, 0.03642376723492946, 0.5021747592503937, -0.24319881215268643, 0.18684803332026]
[-0.14144026374494376, 0.1826121959600169, 0.2971627974754004, -0.450352159905136, 0.04230792639724884, 0.5090310403839892, -0.17891737962758597, 0.1655905162040952]
[-0.07142987563855197, 0.1686955714150964, 0.2944924014695678, -0.3825081171937096, 0.04559030732309077, 0.5137534823384455, -0.12463594710249146, 0.14763994423229643]
[-0.014091206085587962, 0.156171078808354, 0.2916712265233074, -0.32613106734584457, 0.04703904936887815, 0.5168851806538213, -0.0803545145773974, 0.13299631740486192]
[0.030376465179344676, 0.14574249599702502, 0.28909424513303544, -0.2819155365043686, 0.047365397453419514, 0.5188672900415308, -0.04607308205230342, 0.12165963572179146]
[0.061888338998117846, 0.13796726171822052, 0.2870633245561591, -0.2503248515261648, 0.04716364498802329, 0.5200389173794491, -0.0217916495272076, 0.11362989918308451]
[0.08042146777309499, 0.13324346814985516, 0.28578971356045624, -0.23164648740913257, 0.0468741664142443, 0.5206384628994429, -0.007510217002112179, 0.10890710778874174]
[0.08718398163764585, 0.13131344640319642, 0.28501117381327856, -0.2242197397515701, 0.04650450844027304, 0.5213058338175804, -0.0031662204486423433, 0.10670711013499098]
[0.09149809386764099, 0.12950552091061987, 0.2835248621035005, -0.21758779525813757, 0.045528691680078795, 0.5231366424810762, -0.00312103158650351, 0.10379805764634775]
[0.09854720480332389, 0.12650698387400133, 0.2809319532507165, -0.20665276450969283, 0.043912029862127056, 0.5259443045783793, -0.0030467020574026756, 0.09901306215462433]
[0.10825489698997971, 0.1222799127609599, 0.2770185980511747, -0.19138549940772975, 0.04163490353843585, 0.5294309894548508, -0.0029432318852338577, 0.0923521251980091]
[0.1205000187124652, 0.1167682800542994, 0.2714932480452842, -0.1717638772087286, 0.03866486731651832, 0.5331832785387622, -0.0028106210749884266, 0.08381524709782281]
[0.1351026280760763, 0.10989510601222524, 0.2639939572972611, -0.14779076370378894, 0.03495191499802759, 0.5366748092247354, -0.002648869664643629, 0.07340243029886714]
[0.15180679665973584, 0.1015592946062095, 0.2540994513509931, -0.1195165975774885, 0.03042287906175621, 0.5392717258151819, -0.0024579776404047115, 0.061113673913098854]
[0.1702610573977434, 0.09163256012475418, 0.24134512944006403, -0.08706608710431785, 0.02497536843006834, 0.5402423684667791, -0.0022379449745827855, 0.04694897615803391]
[0.1899977161690854, 0.0799569481232395, 0.225245248801148, -0.05066807945933646, 0.018471770239617435, 0.5387728356498303, -0.0019887716450925482, 0.030908335611921266]
[0.2104100885638646, 0.06634546256565556, 0.20532534891346713, -0.010692552095101476, 0.010735071585898773, 0.5339909946824016, -0.001710495423454755, 0.012994183832699274]
[0.22929056744588228, 0.051798671650962226, 0.18305665488294157, 0.029125526008923763, 0.0022633408959692736, 0.5258105129116064, -0.001426356097020247, -0.005297407846373564]
[0.2444683039575654, 0.03810103219320862, 0.16147557514616365, 0.0639481854648219, -0.0059159262658788625, 0.5157000720226175, -0.0011701003186697055, -0.021793984092293134]
[0.2563536106575218, 0.025494695099700676, 0.14130003224429044, 0.09379288377237815, -0.013619784215163792, 0.5046787156896747, -0.00094298525046716, -0.03641461455501534]
[0.2654527922661463, 0.014145728635946417, 0.12300895512064981, 0.11892838466105513, -0.02069953153181603, 0.4935712384413057, -0.0007450108924126141, -0.04915929923453995]
[0.27225044997060543, 0.004202093141707303, 0.10695850466014586, 0.13965668422979022, -0.02701375652219893, 0.48304953621557956, -0.0005761772445060688, -0.06002803813086688]
[0.27718739764138856, -0.004209144041345508, 0.093404632508207, 0.1562815361344061, -0.03243478811047282, 0.47364808829691263, -0.0004364843067475291, -0.06902083124399583]
[0.28064486079883416, -0.010983088460851193, 0.08252449900921133, 0.16908411130125123, -0.0368530190389359, 0.4657802176402875, -0.00032593207913699375, -0.07613767857392686]
[0.2829336596585214, -0.01603732861517765, 0.07443546936021546, 0.17830478870919064, -0.040179659659606334, 0.4597534513122774, -0.0002445205616744661, -0.0813785801206598]
[0.28428716455971426, -0.019311711533248788, 0.06921083147620989, 0.18413007396446973, -0.042348391270273816, 0.4557827763845151, -0.00019224975435994994, -0.08474353588419437]
[0.2849625837443839, -0.021035223249553675, 0.06653697127235708, 0.18753308894573312, -0.04331784032265058, 0.4538494788417014, -0.00020288069539492888, -0.08625400386332137]
[0.2852642349165861, -0.0217959595486526, 0.0656950020652226, 0.19084079238268908, -0.042929063183746084, 0.4538156088755236, -0.0003873570575045821, -0.08572822609941708]
[0.28542537700438203, -0.0222043298537538, 0.0658192900975043, 0.19569741546924335, -0.04139690095370414, 0.4551527437504393, -0.0007910096858794899, -0.08342524981606123]
[0.2856455485318485, -0.02293178380423628, 0.06603705731869386, 0.2042474820095328, -0.03893616321190014, 0.45734028322694553, -0.0014983494593035272, -0.07938963451726311]
[0.2858223359299474, -0.023995454285903384, 0.06634825659622232, 0.2165363958681728, -0.035920534790717905, 0.46012135238199314, -0.002509376493788623, -0.07362137954113497]
[0.2858202755874243, -0.02529568467995319, 0.06671924445888394, 0.23125273948220318, -0.03310710966793506, 0.4629027444220481, -0.003714964032220766, -0.06674309035546452]
[0.285654858568759, -0.026341310137741845, 0.06701169825786614, 0.24286932615943796, -0.031496161150834874, 0.46468345451858395, -0.004665587700035211, -0.0613194572425394]
[0.2854595095053434, -0.027061350532160237, 0.06721068583774288, 0.2507651412456604, -0.03070856128875318, 0.4656865303562764, -0.005312523094261594, -0.0576284695837571]
[0.2853286054523094, -0.0274457498049648, 0.06731625084714735, 0.2549475805167908, -0.03039259365836303, 0.46614993728194576, -0.00565577021489987, -0.055670127379117876]
[0.2851473640749029, -0.027838661599194566, 0.06762168852896012, 0.2567184462261349, -0.030599224574777067, 0.4666006051674284, -0.005763826482953802, -0.05608731552646485]
[0.28458900864953107, -0.02896422276276026, 0.06865485771138993, 0.2597335205722674, -0.0315556217938468, 0.4678734561803274, -0.005875148464996307, -0.05924761663425249]
[0.2835385552954364, -0.031004663403458983, 0.0705132142523556, 0.2651124714558289, -0.0331636431210097, 0.47008275543500755, -0.006075617018660029, -0.06493868483656084]
[0.28191948636662834, -0.03398500536061542, 0.07319289609282846, 0.2727606332426671, -0.03522961796039996, 0.47308608976950284, -0.006365232171476495, -0.0731605209149778]
[0.27962275270190134, -0.037945378390106685, 0.0766880262953244, 0.28252390033455266, -0.03747968464841004, 0.4766772342394294, -0.006743993714108501, -0.08391311892666467]
[0.27650866757418535, -0.042945263792229946, 0.08099039658496449, 0.2941703361896314, -0.03956811360872984, 0.4805860175799352, -0.007211901625852102, -0.09719647828386048]
[0.27240978657399917, -0.04906884908409806, 0.08608905027650186, 0.3073671384594816, -0.041090962171291094, 0.48447872994900676, -0.007768955979206276, -0.11301060104472668]
[0.26713507179132334, -0.056431307003564676, 0.09196977129284158, 0.3216542333270746, -0.04160713690093726, 0.48795955020917553, -0.008415156758843677, -0.13135548677413775]
[0.2604756796700516, -0.0651857230338055, 0.09861448676917677, 0.33641654853395087, -0.0406691710152787, 0.4905735702374885, -0.009150504014244425, -0.15223113687677653]
[0.25221273819034756, -0.07553027066454267, 0.10600058262561407, 0.35085802166769325, -0.03786599537306541, 0.4918120785850294, -0.009974997739150138, -0.17563755117497484]
[0.2424157113123377, -0.08737112950178239, 0.1138798706066067, 0.3636654351097609, -0.03303924922668691, 0.4911682898097692, -0.010863650258681577, -0.2008653587506715]
[0.23184146429268532, -0.09989616275017768, 0.12160881849672366, 0.373298083846875, -0.026723394750664917, 0.4885362919946763, -0.011745461806876783, -0.2258989591365968]
[0.22149853432593727, -0.11206360078814151, 0.12858481883456432, 0.3792378896216193, -0.019933768299153776, 0.48443645892696807, -0.012550863018304702, -0.24876335926663845]
[0.2117967117155218, -0.12350404300225276, 0.13471810555801683, 0.38211925329935, -0.013323033158902667, 0.47946493570780185, -0.013267117412221835, -0.26909698532164145]
[0.2029462633378498, -0.1340222500868584, 0.14003087498738087, 0.38272917886322144, -0.007271113525266076, 0.47411507495131455, -0.01389422498862822, -0.28689983730160695]
[0.1951114831644255, -0.14343179924971197, 0.1445442022529224, 0.3818031090336226, -0.0020032822607446987, 0.46880368386081184, -0.014432185747523849, -0.30217191520653497]
[0.18841773143890675, -0.15156253168954864, 0.14827737138593813, 0.37999647641925305, 0.0023711377435197967, 0.46387523241580353, -0.014880999688908695, -0.31491321903642444]
[0.18295813112381046, -0.1582660633956999, 0.1512473117808064, 0.3778671395058985, 0.005822045815670945, 0.45960679496066303, -0.015240666812782773, -0.3251237487912759]
[0.17879955947793472, -0.1634197246791824, 0.15346813643324114, 0.37586586055491666, 0.008366115942617741, 0.4562130751881241, -0.015511187119146074, -0.3328035044710891]
[0.17598768102405474, -0.16692926700331612, 0.15495077768743462, 0.37433216452019424, 0.010040001002444038, 0.4538510019231403, -0.015692560607998597, -0.3379524860758644]
[0.17783449887583858, -0.1689197168215554, 0.15703349155605426, 0.37582203612013465, 0.011022380987549901, 0.45439148544893226, -0.011329534087444894, -0.3408425226466711]
[0.18402689606687458, -0.17155580816460136, 0.16106906671486595, 0.3803501464512654, 0.012228260492213677, 0.457178163951771, -0.0007411178837639339, -0.3445226742642642]
[0.1931730143014273, -0.17572841980198703, 0.16699584596525913, 0.38688294094930487, 0.013743023597451526, 0.46123560611709047, 0.015006930887674436, -0.34999612808826447]
[0.20521920806677496, -0.18173854613524443, 0.17472024473343092, 0.39520508402883425, 0.015226863848340932, 0.4664564169934494, 0.03591462753982087, -0.35726288944090134]
[0.22012961761590683, -0.1899912394885876, 0.18410987534459447, 0.40506753375409055, 0.01621113046512085, 0.4726901064761466, 0.06198196720527745, -0.3663229566304428]
[0.23791663753438988, -0.20099541543478713, 0.1949871030785044, 0.4162202917129332, 0.01608842388929063, 0.479736841640099, 0.09320894849553768, -0.377176329174294]
[0.2586788312023275, -0.2153576164666226, 0.20712155689847014, 0.4284544378399874, 0.014106430027527733, 0.4873402121613648, 0.12959557002080804, -0.38982300658941293]
[0.28264508862439863, -0.2337658437011799, 0.22022203945404983, 0.4416530584761085, 0.00936968567245422, 0.495179454120104, 0.1711418266194228, -0.40426298708179087]
[0.30765569421346783, -0.25472372829847434, 0.2327177525869506, 0.45456526712302225, 0.0017764408541392496, 0.5022084585718007, 0.21356299451201882, -0.4190070551876379]
[0.3303060970443797, -0.2748926911623109, 0.24293053350812932, 0.4656853851317345, -0.007206226655597836, 0.5075366654795128, 0.2508651165754292, -0.43197192757370767]
[0.3504550067147928, -0.2935173990729329, 0.25112323250695684, 0.47525356243055716, -0.016662958820231166, 0.511463278223367, 0.2830075790249246, -0.44314348835310124]
[0.3679016181265787, -0.30999696099525514, 0.2575518914491757, 0.4833733304217316, -0.025810660518873818, 0.5142704733266341, 0.3099903818605079, -0.4525217375258196]
[0.3824102335195574, -0.3238597991772234, 0.26244382617772466, 0.4900519565030513, -0.03400204108370569, 0.5162069825778304, 0.3318135250821784, -0.46010667509186254]
[0.3937481455913521, -0.33475113745979757, 0.26599049916411543, 0.4952438349006121, -0.040725568836374626, 0.5174812346740164, 0.3484770086899389, -0.46589830105123103]
[0.40171386187918107, -0.3424182658405327, 0.26834236465152145, 0.498884181466838, -0.045600320764296876, 0.5182564228234323, 0.3599808326837919, -0.4698966154039259]
[0.40615690173897734, -0.3466966983844858, 0.2696053142439161, 0.5009135972864591, -0.048369116531252476, 0.5186471230923988, 0.3663249970637392, -0.4721016181499479]
[0.40953434037348785, -0.3474270676643557, 0.2700236572530216, 0.5040287149576986, -0.04884828767608751, 0.5188640183535798, 0.37009270930583926, -0.4720528365182578]
[0.4135737245356471, -0.344725144923862, 0.26978012097081805, 0.5099810991635154, -0.04710174860813704, 0.5190308623595946, 0.37313695582219375, -0.4695592511007617]
[0.42125834954101504, -0.33819444468396415, 0.26901212923789997, 0.5221557668489756, -0.0429409572732411, 0.519302139730507, 0.37831877386869384, -0.4638474078960285]
[0.43381048417139423, -0.3277028921180217, 0.26774569902053724, 0.5418867833961488, -0.03644732722052357, 0.5197173431833686, 0.3867328752240837, -0.4545726654756186]
[0.45132759184129245, -0.3134179061239632, 0.2659533652969774, 0.5691039104513933, -0.027994029500934214, 0.5202405050192487, 0.3983792626359683, -0.44173502081088684]
[0.47392822966674114, -0.29558285198902384, 0.26359748200913474, 0.6036788623174716, -0.018093586904780412, 0.5208220552709865, 0.4132579371635553, -0.42533447273428376]
[0.5017348282328108, -0.27452634854439506, 0.26063060009213557, 0.6453955602120031, -0.007390788165217488, 0.5213990538362676, 0.43136890370611, -0.4053710158454201]
[0.5348499622115975, -0.2506713011811514, 0.25699598263095036, 0.6939128803540817, 0.003350791100811934, 0.5218955196344928, 0.4527121639108607, -0.38184464832857967]
[0.5733253979852888, -0.22454123909803173, 0.25262827458588893, 0.748721221875313, 0.013271824006841126, 0.5222228813172132, 0.47728772001992037, -0.3547553677123141]
[0.6171235683237047, -0.1967608469942826, 0.247454355398335, 0.809095139083887, 0.021453414841014817, 0.5222805767665746, 0.5050955684770105, -0.32410317791665727]
[0.6660449495968465, -0.1680620317462976, 0.2413978371030682, 0.8740106080237476, 0.026968147339697296, 0.5219571252415118, 0.5361185116693448, -0.28990703562184267]
[0.7167450188737535, -0.14076012660811602, 0.23477611050599223, 0.9384712286197882, 0.028958400625075043, 0.5211903375015347, 0.5684415628522596, -0.25427780306319026]
[0.7668027684746063, -0.11609179425652995, 0.22784520823568696, 0.9992579539067424, 0.02748878528279007, 0.5199910689711494, 0.6007646140351747, -0.21864857050453756]
[0.8158513753048287, -0.09398689648238218, 0.2206142575682237, 1.0559773504884062, 0.022989289978551, 0.5183659793822091, 0.6330876652180899, -0.18301933794588454]
[0.8635343322522514, -0.07432506884337019, 0.21309278091214673, 1.1082887836857072, 0.015936724842471578, 0.5163221777458356, 0.6654107164010055, -0.1473901053872313]
[0.9091643935376814, -0.057063556845478654, 0.2053520095758817, 1.155560852755642, 0.006924662130261473, 0.5138877331431286, 0.6974840496269139, -0.11203613332654047]
[0.9493007609470496, -0.043013149478606134, 0.1980130911485243, 1.1946981371258547, -0.002651721206604292, 0.5113038233325486, 0.7269203857018331, -0.0795888851458886]
[0.98344446895505, -0.03178860035856601, 0.19129783054852786, 1.2260173118835556, -0.011866330826127845, 0.5087273802918678, 0.7531244166584568, -0.05070456022110664]
[1.0120342082611158, -0.022817011706335013, 0.18527450988668656, 1.2507024621721337, -0.02022117035705405, 0.5062585066571725, 0.7760961424967852, -0.02538315855219396]
[1.0355332155319052, -0.015665997218182667, 0.1800001171045134, 1.2698337762908758, -0.027436189027092956, 0.5039826935076488, 0.7958355632168196, -0.0036246801391494714]
[1.0543909064662746, -0.0100236367431322, 0.1755214103288559, 1.2843566518186904, -0.03339044791006107, 0.5019716333344422, 0.8123426788185606, 0.014570875018027937]
[1.0690145733790586, -0.0056754364487885955, 0.17187588188082875, 1.2950650251071067, -0.03806859733672383, 0.5002839761800308, 0.825617489302009, 0.02920350691933861]
[1.079749586980552, -0.002481483071440291, 0.16909259791253944, 1.3025946515544922, -0.0415149932188006, 0.49896600132756536, 0.8356599946671688, 0.04027321556478731]
[1.0868663017984819, -0.0003560442653004897, 0.16719289485602212, 1.3074225285718786, -0.04379660737731494, 0.49805218263255274, 0.8424701949140372, 0.047780000954370995]
[1.0905519365936485, 0.0007488922248130442, 0.16619091842587752, 1.309869319944924, -0.04497512146185106, 0.49756563069633947, 0.846048090042615, 0.05172386308809029]
[1.0922929026023813, 0.00100361855622208, 0.16590728995631418, 1.3111091771089742, -0.04486901396319751, 0.49759259200751094, 0.8476612130624158, 0.052288193353849655]
[1.0965807068270543, 0.0008866791598415719, 0.16574732097679148, 1.3144096756315062, -0.0427662881371597, 0.4983806909139583, 0.8513998608028414, 0.05002096791899275]
[1.1056408702826301, 0.000656705179237077, 0.16540671709012356, 1.3212829392948495, -0.03834154222560354, 0.5000373115842315, 0.8593548656025153, 0.045196820133896524]
[1.119335323104173, 0.0003513074721261389, 0.16488499172539253, 1.3314102953910472, -0.031710759776635865, 0.5025182690741418, 0.8715262142158338, 0.037815758031082856]
[1.1374502546281506, 1.9566603468367666e-05, 0.16418140262621117, 1.3443173979756269, -0.023075060711271494, 0.5057551475078224, 0.8879139105416738, 0.027877779246158602]
[1.1596934970981934, -0.0002888263598489864, 0.16329495695355245, 1.3593931313722853, -0.012748777828351349, 0.509654316117119, 0.9085179519416089, 0.015382885379142858]
[1.1856922268259091, -0.000538509348247418, 0.16222441621377828, 1.3759188588216382, -0.0011940087843316715, 0.5140956977927824, 0.9333383431433724, 0.000331073562999668]
[1.2149919921500612, -0.0007276119530588779, 0.16096830367237516, 1.393110717762668, 0.01094172978198691, 0.5189313549075713, 0.9623750861274576, -0.017277657403300214]
[1.2470584883594833, -0.0009111419243228655, 0.15952491310711955, 1.4101776111509, 0.02278963599571425, 0.5239839984730134, 0.9956281733422322, -0.037443302940225576]
[1.2812837885811597, -0.0012283208814201224, 0.15789231805034495, 1.4263967091774237, 0.03323209383103763, 0.5290455479889619, 1.0330976043214224, -0.06016586276501437]
[1.3161374997384752, -0.0019091543105488884, 0.1561140063382391, 1.4408735147081229, 0.04075377788821503, 0.5337656987555981, 1.0737428949860333, -0.08481435687306431]
[1.3462237412742275, -0.0030428055751945543, 0.15446675004938565, 1.451850478958178, 0.04393533916822745, 0.5373976135256952, 1.1112395990439201, -0.10755345589116633]
[1.3713014021970389, -0.004604176345475053, 0.15299939053613112, 1.4600818432657103, 0.04359934286078337, 0.5400322754694196, 1.144519939038606, -0.12773562831162705]
[1.3919854515200365, -0.006495220330713453, 0.15171387222757413, 1.4663895019336932, 0.04081290428028532, 0.5418753498593776, 1.1735839149700915, -0.1453608741344469]
[1.4087963413058893, -0.008565076916343645, 0.1506118686257848, 1.4713137271816534, 0.03656674606650126, 0.5431098877513671, 1.1984315268383785, -0.16042919335962696]
[1.4221620390733716, -0.010637912026813662, 0.14969479220517612, 1.475183296484273, 0.03173295464611574, 0.5438945587195054, 1.219062774643467, -0.17294058598716722]
[1.4324232512181085, -0.012535963970610714, 0.14896380293123512, 1.4781781206752114, 0.02704226533770518, 0.5443624064767988, 1.2354776583853586, -0.18289505201706882]
[1.439840130227879, -0.014097886949752891, 0.14841981537208787, 1.4803816860065486, 0.02307457625128464, 0.5446200049664551, 1.247676178064051, -0.19029259144933022]
[1.4445990965314024, -0.01519269521695224, 0.1480635043812865, 1.4818223078836381, 0.02025737653427437, 0.5447469108271065, 1.255658333679545, -0.19513320428395187]
[1.4468187330103202, -0.015729691048093075, 0.14789530933490047, 1.4825031808271052, 0.01886792873096939, 0.5447953280923132, 1.2594241252318399, -0.1974168905209333]
[1.4467187049240764, -0.01485537574111892, 0.14782525430228996, 1.48108099997485, 0.018489627595245847, 0.5449490932132037, 1.2593753714489744, -0.1966524318033666]
[1.445626131852773, -0.011834057330868175, 0.14765670680930815, 1.4762240609482833, 0.017758257808092884, 0.5453853349212189, 1.2579087279985735, -0.19338204884955545]
[1.4437532771931887, -0.0066593991380328454, 0.14736778368115724, 1.4678600954536247, 0.0165210595772997, 0.545967241341482, 1.2553958605674516, -0.1877787518725823]
[1.4410987072547896, 0.0006655981173323833, 0.14695826006863244, 1.4559282777379359, 0.014809267123278886, 0.5464329657338793, 1.2518367699598292, -0.17984254266573207]
[1.4376603575593516, 0.010136699159968288, 0.1464278186563039, 1.4403551215892452, 0.01267978146606843, 0.546410657012161, 1.247231456344885, -0.16957342160624633]
[1.4334354992777332, 0.02174844628968109, 0.1457760510540328, 1.421068096253051, 0.010227800166956768, 0.5454187940825282, 1.2415799200033302, -0.1569713893200669]
[1.4284206947773654, 0.035494179203277354, 0.14500245940729023, 1.3980138919146468, 0.007602376065812377, 0.5428686098365629, 1.2348821606075757, -0.142036445076722]
[1.422611745700857, 0.051366054154406024, 0.1441064587269101, 1.3711816496810552, 0.005024127166668932, 0.5380701258669869, 1.2271381793477811, -0.12476859153007873]
[1.4160036278843218, 0.06935507935882976, 0.14308737902480695, 1.3406312540504999, 0.0028039552416556784, 0.5302436176951855, 1.2183479759632343, -0.10516782809879052]
[1.4091906015021713, 0.08782748993589098, 0.14203698441606621, 1.3092757053786932, 0.0014331711132589825, 0.5195989464935615, 1.2093069334212374, -0.08500773301504916]
[1.4031388574113346, 0.10417211869975138, 0.1411042666018839, 1.2816926798364696, 0.001095044810721188, 0.5080183475403643, 1.2012949522285274, -0.06714228200053546]
[1.397866295975784, 0.1183632700061969, 0.14029191902023666, 1.2579718618283808, 0.0015379893275072193, 0.49635567888484755, 1.194329195464767, -0.051609746008662256]
[1.393377405663088, 0.13040904514365254, 0.13960054548449086, 1.238070736144965, 0.0024926093771351354, 0.48531317739715174, 1.1884096631299554, -0.03841012503942834]
[1.3896761143916243, 0.1403162746016525, 0.13903065461669145, 1.2219029312991299, 0.003698500147153422, 0.4754645154840424, 1.183536355224092, -0.0275434190928316]
[1.3867657337417383, 0.148090543374228, 0.1385826620344721, 1.209362890096875, 0.004921644805537251, 0.4672632023001594, 1.1797092717471787, -0.019009628168875845]
[1.3846489134164814, 0.15373621269060084, 0.1382568921567846, 1.2003461103034476, 0.00596695650182269, 0.4610520651226975, 1.1769284126992146, -0.01280875226756034]
[1.383327602314086, 0.15725641010928035, 0.13805358287140532, 1.1947648339440935, 0.006686929562246063, 0.4570722561688172, 1.1751937571287379, -0.008940794273734386]
[1.382427493224128, 0.15797492238284208, 0.1380870593399214, 1.1905753460347286, 0.006737552134382374, 0.4548204037467699, 1.1732700659301805, -0.006904229272635699]
[1.3819127495983856, 0.155432599642399, 0.13840438516950127, 1.1875693216233987, 0.005966153893581183, 0.4544588323746415, 1.1709284106631999, -0.006832106593846275]
[1.38116506581281, 0.15034292840588323, 0.13899278365178186, 1.1832535573804601, 0.004502635090557899, 0.454526686229194, 1.1671392861113392, -0.007371914636572505]
[1.3798703342036995, 0.14267050626808628, 0.13986636707372124, 1.176780216939695, 0.002377134415764842, 0.4546236927771894, 1.161505547356992, -0.008174510974748231]
[1.3778081913785385, 0.13230302447620515, 0.1410236429589916, 1.168087467859684, -0.00034668286754402367, 0.4547452923049459, 1.154027195851573, -0.009239895401601266]
[1.3746782601869305, 0.11910980897860252, 0.1424626066718017, 1.1571012194272514, -0.003577647766337441, 0.45488542800807896, 1.1447042313589646, -0.010568067950769621]
[1.3700953014283637, 0.10295797546235246, 0.14418072149353708, 1.1437426209033814, -0.007192477861965377, 0.4550365428184764, 1.133536651527234, -0.012159028957315332]
[1.3635854331799204, 0.08373313546862415, 0.14617489275380954, 1.127938209436364, -0.01103137057876774, 0.4551895757958101, 1.1205244590961505, -0.014012778030924159]
[1.3545849540466004, 0.06136466647190919, 0.1484414395005092, 1.109632972884615, -0.014894815546952198, 0.4553339586778807, 1.1056676547999151, -0.01612931506700001]
[1.3424436333025267, 0.03585530646873548, 0.15097606058392193, 1.0888064542489493, -0.01854290931698082, 0.4554576126048517, 1.0889662370266255, -0.018508640295178465]
[1.3266990619027177, 0.007750573739278149, 0.15373120420989897, 1.0658485238818627, -0.021657747436039893, 0.45554596107224954, 1.0707034353606921, -0.02111040412929255]
[1.3081851016180208, -0.020598904125754224, 0.15649627428987917, 1.0426007591159567, -0.023856745212993576, 0.45558546414667855, 1.0522572594871724, -0.02373829190595028]
[1.2870803414316438, -0.04864367329795888, 0.15924319866964987, 1.0194364191600165, -0.02510178818737656, 0.45557495619236166, 1.033811083613652, -0.026366179682608102]
[1.2634457776725483, -0.0761222300043151, 0.1619716588440801, 0.9964983694260927, -0.025409972947791917, 0.45551441248438596, 1.0153649077401323, -0.02899406745926587]
[1.237368843010838, -0.10278234321539265, 0.16468133844895905, 0.9739264043990356, -0.024817454562757815, 0.455403813802429, 0.9969187318666117, -0.03162195523592374]
[1.2089621451094354, -0.12838372958174152, 0.1673719232976772, 0.951854860762243, -0.02337895243049795, 0.455243146435784, 0.9784725559930917, -0.034249843012581514]
[1.1783619345904714, -0.15270056668160148, 0.1700431014176573, 0.9304103040479578, -0.021166968852500162, 0.45503240218777574, 0.9600263801195716, -0.036877730789239324]
[1.1457263223024596, -0.17552381721171315, 0.17269456308652673, 0.9097093224538736, -0.018270730673353747, 0.45477157837957005, 0.9415802042460515, -0.03950561856589715]
[1.1112332686360389, -0.19666333916429493, 0.17532600086802996, 0.8898564600719583, -0.01479486819070644, 0.45446067785337235, 0.9231340283725317, -0.04213350634255492]
[1.0750783701118924, -0.21594975972226832, 0.1779371096476759, 0.8709423199432138, -0.010857849217985355, 0.4540997089750176, 0.9046878524990114, -0.04476139411921275]
[1.0374724706264968, -0.2332360935381787, 0.1805275866681155, 0.8530418651067916, -0.006590189630078874, 0.45368868563595044, 0.8862416766254915, -0.04738928189587058]
[0.9988029283857502, -0.24834054242447653, 0.18308648396854468, 0.8362806840746968, -0.0021512040023016765, 0.45322964925567555, 0.8678722516783224, -0.050006235545987036]
[0.9621499320024436, -0.2603525698474518, 0.1854347310710823, 0.8217568613643499, 0.001995507304819788, 0.4527608841712102, 0.8508805050662291, -0.052426921737648374]
[0.9289170721009679, -0.26942381422055595, 0.18751267953520886, 0.8096182972104671, 0.005624611569149063, 0.45230725232745994, 0.8357333760414837, -0.05458481915164456]
[0.8994086234245229, -0.2760938700339025, 0.18932548961559645, 0.7995886991324685, 0.008687700959926159, 0.4518810828460883, 0.8224308646040861, -0.05647992778797553]
[0.8738243658419949, -0.2808573418923423, 0.19087777535630274, 0.7914194062659232, 0.011185507139055861, 0.45149319502077695, 0.810972970754037, -0.05811224764664122]
[0.8522849900738414, -0.2841502733199596, 0.19217357208382255, 0.7848959780250097, 0.01315164149261483, 0.4511529004169139, 0.8013596944913379, -0.05948177872764142]
[0.8348548699962924, -0.28634226743251573, 0.19321630876923854, 0.7798409589862308, 0.014637919247528386, 0.4508680054867701, 0.7935910358159883, -0.0605885210309762]
[0.8215614759113935, -0.28773261916245096, 0.1940087851018591, 0.776114071559463, 0.01570185800653684, 0.4506448143394843, 0.7876669947279892, -0.0614324745566454]
[0.8124110848533963, -0.2885490132884015, 0.19455315313890434, 0.7736109438137417, 0.01639661461365899, 0.45048813136329824, 0.7835875712273428, -0.06201363930464872]
[0.8082469892379923, -0.28832593919810645, 0.19484612929376446, 0.7745197314033622, 0.017333802541245114, 0.45064799472634753, 0.7832284120068491, -0.06159028542356894]
[0.8042001796965894, -0.2872578419798549, 0.19519110501371897, 0.7781231626936012, 0.01905000756271308, 0.45111197265220104, 0.7848752851571082, -0.06026228921601488]
[0.7985378480430865, -0.2855211868000582, 0.19567348886040015, 0.7831929000571447, 0.02137251301986337, 0.4517609535714801, 0.7871817161953418, -0.058402442468694166]
[0.7912797602443857, -0.2828762636649846, 0.19629252508732306, 0.789747361318565, 0.024218421573746207, 0.4525941170676637, 0.7901477039370752, -0.056010746136736816]
[0.7824719730296007, -0.27901786957608743, 0.19704723759800197, 0.7978032462073681, 0.027478939164731653, 0.4536104038835045, 0.7937732483171192, -0.053087200272709634]
[0.7722018833327294, -0.27357959778549884, 0.19793642648498785, 0.8073700248446953, 0.031018388620100035, 0.4548085123570206, 0.7980583500316506, -0.04963180431523361]
[0.7606159080729776, -0.2661412330861468, 0.19895866370714266, 0.8184429758323668, 0.03467377287248996, 0.45618689393169704, 0.8030030095269759, -0.04564455790441857]
[0.7479390606808736, -0.25624042167298056, 0.2001122880154342, 0.8309947468957097, 0.03825539132589556, 0.45774374788303984, 0.8086072257707247, -0.04112546187274149]
[0.7344952979276331, -0.24338983033546185, 0.20139540000250597, 0.8449655184395177, 0.0415491274058431, 0.4594770164368317, 0.8148709989777271, -0.03607451604696904]
[0.7213499159607109, -0.22791951033618923, 0.20273926815063203, 0.8595333491039123, 0.044210318209518706, 0.4612942820653539, 0.8214665731327612, -0.030756014459188057]
[0.7094272542215933, -0.21058304913038164, 0.20407569136826484, 0.8738715740174187, 0.04605418371548767, 0.4631034821631975, 0.8280621561391475, -0.025437505733903958]
[0.6989022157312598, -0.19152314064251427, 0.20540461875928676, 0.8878964555633968, 0.04709990036120992, 0.4649045640625712, 0.8346577391455334, -0.02011899700862007]
[0.689933410609482, -0.1708986774781802, 0.20672600151137135, 0.9015257911252977, 0.047375223882661105, 0.46669747781669224, 0.8412533221519196, -0.014800488283336058]
[0.6826616899674697, -0.14888294534025925, 0.20803979108931112, 0.9146797726033573, 0.04691637702868498, 0.4684821737573951, 0.847848905158306, -0.009481979558051981]
[0.6772088633804012, -0.12566166436824333, 0.20934593923680073, 0.9272818594843595, 0.04576785108957615, 0.47025860249691714, 0.854444488164692, -0.004163470832768062]
[0.6736766300828072, -0.10143091896299004, 0.21064439797820947, 0.9392596364945844, 0.043982117214534086, 0.4720267149296741, 0.8610400711710782, 0.0011550378925159217]
[0.672145733251788, -0.07639499921222989, 0.21193511962034287, 0.9505456464871069, 0.04161924858005711, 0.4737864622340241, 0.8676356541774644, 0.006473546617799936]
[0.6726753442616501, -0.05076417777799861, 0.21321805675419522, 0.9610781892689906, 0.038746455443856666, 0.4755377958740229, 0.8742312371838505, 0.011792055343083927]
[0.6753026812579048, -0.02475244658839714, 0.21449316225669066, 0.9708020772299046, 0.03543753609152752, 0.47728066760116794, 0.880826820190237, 0.017110564068368035]
[0.6800428638367411, 0.001424762110620089, 0.21576038929241378, 0.9796693388919198, 0.031772247645338786, 0.4790150294561314, 0.8874224031966228, 0.02242907279365184]
[0.6868890030562388, 0.02755284584264145, 0.21701969131533028, 0.9876398618601743, 0.02783560164530894, 0.48074083377048377, 0.8940179862030092, 0.027747581518936047]
[0.6958125234756489, 0.053420268947002726, 0.2182710220704964, 0.9946819671140854, 0.023717090221408665, 0.48245803316840563, 0.9006135692093952, 0.03306609024421986]
[0.7067637114464907, 0.07882074298395716, 0.2195143355957582, 1.000772907136037, 0.019509849541588437, 0.48416658056839046, 0.9072091522157815, 0.03838459896950397]
[0.7196724814905388, 0.10355532773096253, 0.22074958622343935, 1.0058992810249554, 0.015309768032951684, 0.48586642918493383, 0.913804735222168, 0.04370310769478815]
[0.7344493503205622, 0.12743443107498598, 0.22197672858201864, 1.0100573604809293, 0.01121454762265714, 0.4875575325302145, 0.9204003182285538, 0.04902161642007198]
[0.7509866059139672, 0.15027968740524417, 0.22319571759779702, 1.0132533213677426, 0.0073227269214894974, 0.4892398444157642, 0.9269959012349401, 0.054340125145356105]
[0.7691596570597385, 0.1719256956212322, 0.2244065084965523, 1.015503376455717, 0.0037326758674764426, 0.49091331895412404, 0.9335914842413261, 0.059658633870639924]
[0.7888285469859652, 0.19222159957401472, 0.22560905680518467, 1.0168338059094006, 0.0005415718511631862, 0.4925779105604945, 0.9401870672477125, 0.06497714259592405]
[0.8098396130570321, 0.21103249563410326, 0.22680331835334933, 1.0172808831041997, -0.0021556322492091162, 0.49423357395436857, 0.9467826502540988, 0.07029565132120814]
[0.8320272731227351, 0.22824065410513145, 0.2279892492750796, 1.0168906944231706, -0.004267237391918061, 0.4958802641611595, 0.9533782332604848, 0.07561416004649209]
[0.8552159179195992, 0.2437465433551646, 0.22916680601039782, 1.0157188527891023, -0.005705814131821696, 0.4975179365138128, 0.9599738162668711, 0.0809326687717762]
[0.8791297084754433, 0.25742114311366404, 0.2303315354443634, 1.0138385180129283, -0.00638812829325569, 0.4991403986775978, 0.9665444316285708, 0.08623104422969233]
[0.9018339411358339, 0.26845322392874593, 0.23140257684769616, 1.011525853323384, -0.006286171015964903, 0.5006347243822227, 0.9726287548118375, 0.0911372861655939]
[0.9224044972603874, 0.27693936478951153, 0.23235141593836947, 1.0090534495952457, -0.0055547090332456195, 0.501960498341567, 0.9780535196944669, 0.09551167722896811]
[0.9406391083212556, 0.2833322235465322, 0.23318013013717695, 1.006602490139982, -0.004385210908971038, 0.5031199570789977, 0.9828187262764596, 0.09935421741981543]
[0.9564144819408873, 0.2880411570466886, 0.23389055618823962, 1.0043093834430248, -0.0029653489689311363, 0.5041150774047303, 0.9869243745578146, 0.10266490673813508]
[0.9696654743252388, 0.29142337645472977, 0.23448428547057001, 1.002273068449234, -0.0014697024280170279, 0.5049475716075794, 0.9903704645385322, 0.10544374518392735]
[0.9803667075089494, 0.2937793055349774, 0.23496266000420216, 1.0005624570415086, -5.285822629208514e-05, 0.5056188833580881, 0.9931569962186122, 0.10769073275719192]
[0.9885170730833565, 0.29535080980872114, 0.23532676913071238, 0.9992234104698067, 0.0011554925942478533, 0.5061301843027572, 0.995283969598054, 0.1094058694579287]
[0.9941272935925706, 0.29632116836175515, 0.2355774468510509, 0.998284811484719, 0.002053880106954009, 0.5064823713322095, 0.9967513846768572, 0.11058915528613691]
[0.9972105485424756, 0.2968158849153615, 0.23571526980677354, 0.9977634294676165, 0.0025711873304217203, 0.5066760645093098, 0.9975592414550226, 0.11124059024181744]
[0.9978712939729842, 0.29691834694738867, 0.2357448126483786, 0.9976512006136894, 0.0026842461357505787, 0.5067175889165492, 0.9977325075772334, 0.11138030759233554]
