[-1.0000000000000004, -0.16710728477469264, 0.13657854304503045, -1.0, 0.0, 0.5, -1.0, 0.1, 0.0, 0.5103611804664397]
[-0.8494475059072762, -0.09559775093780756, 0.13409998219245634, -0.9797979797979798, 0.0, 0.5, -1.0659054429713966, 0.06313066827668373, 0.0, 0.6014647212544313]
[-0.8369611125344739, -0.0324028182496145, 0.12059837707963413, -0.9595959595959596, 0.0, 0.5, -1.1027470472005008, 0.037979598594974566, 0.0, 0.7324372971888573]
[-0.8279697937719688, -0.03569959849087613, 0.1174770251361882, -0.9393939393939394, 0.0, 0.5, -1.090929173379518, 0.04860342132953714, 0.0, 0.8875167063439532]
[-0.8361800730025757, -0.0760727642108727, 0.11614576212799184, -0.9191919191919192, 0.0, 0.5, -1.0401905975704022, 0.11101443871208388, 0.0, 0.8822093394281083]
[-0.8332476780009666, -0.07188776205077252, 0.11199268815505943, -0.898989898989899, 0.0, 0.5, -1.0212598905183623, 0.1340879666995629, 0.0, 0.7455118067387349]
[-0.8270272072482587, -0.06630656643369394, 0.10891225850554331, -0.8787878787878788, 0.0, 0.5, -0.9991909906350721, 0.15453696173833648, 0.0, 0.5689738801787039]
[-0.8278952089915547, -0.06623685289136207, 0.10669067822162863, -0.8585858585858586, 0.0, 0.5, -0.9459859446762128, 0.18850326669276968, 0.0, 0.4260978863070619]
[-0.8239931951382603, -0.05981606717982705, 0.10471919312991598, -0.8383838383838383, 0.0, 0.5, -0.8900734162452469, 0.2138877326114193, 0.0, 0.27809458904886947]
[-0.81698365890114, -0.04939913137991102, 0.10300013352505956, -0.8181818181818181, 0.0, 0.5, -0.8241953403888502, 0.2327185819154214, 0.0, 0.21800596797467314]
[-0.8026889190622086, -0.037055830757438915, 0.10154159279878315, -0.797979797979798, 0.0, 0.5, -0.7711282330578264, 0.24378389732442482, 0.0, 0.09565146563223102]
[-0.7850705839129085, -0.02708005286127158, 0.10059594875326075, -0.7777777777777778, 0.0, 0.5, -0.7202835073522732, 0.24864955133891006, 0.0, -0.055909674176204516]
[-0.7563070157365193, -0.04346581249147938, 0.10170802651729166, -0.7575757575757576, 0.0, 0.5, -0.789558592286457, 0.2573831722577199, 0.0, -0.28700229758661283]
[-0.7359749673636147, -0.03502500799760117, 0.10126026977496944, -0.7373737373737373, 0.0, 0.5, -0.7544415677343297, 0.24776885071989857, 0.0, -0.4970427534082145]
[-0.7257014038664287, 0.021635568114813382, 0.10061183535094273, -0.7171717171717171, 0.0, 0.5, -0.8264907459724316, 0.2868570738866126, 0.0, -0.5477823717238971]
[-0.7211707288620379, 0.047587992974473, 0.10350302651468339, -0.696969696969697, 0.0, 0.5, -0.847790425787733, 0.2999685055041879, 0.0, -0.5013165458436006]
[-0.7149705175877399, 0.06393492541873058, 0.10693212016978142, -0.6767676767676767, 0.0, 0.5, -0.8581505196020931, 0.3056727775618204, 0.0, -0.4170571418095865]
[-0.7092279723127317, 0.07750760226726225, 0.11105987428963346, -0.6565656565656566, 0.0, 0.5, -0.8655288177063706, 0.3089335406608512, 0.0, -0.3207928624657069]
[-0.7016251641663224, 0.08712101453819272, 0.11501734290689132, -0.6363636363636364, 0.0, 0.5, -0.8676355546854487, 0.3096192737271072, 0.0, -0.2178501497378575]
[-0.6937057290341206, 0.09479124051737399, 0.1187776149413567, -0.6161616161616161, 0.0, 0.5, -0.8673362665703808, 0.30895516352834224, 0.0, -0.06844842746751814]
[-0.6835279041521531, 0.10072856899460836, 0.12202274595428826, -0.5959595959595959, 0.0, 0.5, -0.8629106515122634, 0.30828366338776025, 0.0, 0.08319088493645277]
[-0.6741803811210492, 0.10743984296532712, 0.12663934109525424, -0.5757575757575757, 0.0, 0.5, -0.8574352067110778, 0.30881632243508894, 0.0, 0.23454016243573425]
[-0.6694125525067631, 0.1167316014832782, 0.13427604852328343, -0.5555555555555556, 0.0, 0.5, -0.856282571851634, 0.30989641618608826, 0.0, 0.3926216802101861]
[-0.6684197653553128, 0.12703534813695255, 0.14431669722409118, -0.5353535353535352, 0.0, 0.5, -0.8592332039164349, 0.3097784763054566, 0.0, 0.525386291100267]
[-0.6459848737878013, 0.13841143838959746, 0.14743546856968948, -0.5151515151515151, 0.0, 0.5, -0.8267712655516545, 0.3298149270035089, 0.0, 0.6256925989445119]
[-0.6170607897982783, 0.1615072512630165, 0.15406876377900966, -0.4949494949494949, 0.0, 0.5, -0.7738068883528001, 0.36841457309692244, 0.0, 0.5318866979106542]
[-0.5861268757155094, 0.18148454607892034, 0.16079133226399586, -0.4747474747474747, 0.0, 0.5, -0.7196219134484041, 0.3980952438939682, 0.0, 0.508623396597653]
[-0.5911771827862234, 0.19457129806897447, 0.1752639683934776, -0.4545454545454545, 0.0, 0.5, -0.737527384772148, 0.39490583413922037, 0.0, 0.4180474096005714]
[-0.5423376170204353, 0.21015685041085985, 0.17447584648721953, -0.43434343434343425, 0.0, 0.5, -0.658308507694104, 0.42953661987925545, 0.0, 0.3160653593307618]
[-0.4853433362288078, 0.24438216402907195, 0.18922068179475704, -0.41414141414141414, 0.0, 0.5, -0.5512445212983524, 0.4702094243525201, 0.0, 0.26021454815176387]
[-0.46135780794076225, 0.26097044536643316, 0.20048918140321814, -0.3939393939393939, 0.0, 0.5, -0.5175068083655634, 0.48089731053230866, 0.0, 0.187580316651773]
[-0.4439110408308585, 0.2916102601953736, 0.2283146057402415, -0.3737373737373737, 0.0, 0.5, -0.48929690393847763, 0.4864478929379437, 0.0, 0.08243701309394386]
[-0.41036358544917323, 0.26427106968873865, 0.1990108853198803, -0.3535353535353535, 0.0, 0.5, -0.46464343392928886, 0.48786105686376163, 0.0, -0.018515187595344533]
[-0.39278483256883245, 0.293704283902855, 0.22932854750698206, -0.33333333333333326, 0.0, 0.5, -0.43081289423172764, 0.4875986335743033, 0.0, -0.09735808138574084]
[-0.3723159245885164, 0.30931713503727093, 0.2457767494345445, -0.31313131313131304, 0.0, 0.5, -0.4010465931995223, 0.4851981449081241, 0.0, -0.17201996963009342]
[-0.3672817760169583, 0.3156748690436651, 0.2550861440502236, -0.2929292929292928, 0.0, 0.5, -0.3972000110641451, 0.4838687970953766, 0.0, -0.21959351071241695]
[-0.3427200708532633, 0.267287635488109, 0.20699119049466222, -0.2727272727272727, 0.0, 0.5, -0.3943415270544136, 0.4820056437531548, 0.0, -0.25000712158697214]
[-0.29404053891109516, 0.21890857563936245, 0.1659208930730543, -0.2525252525252525, 0.0, 0.5, -0.33759057834961054, 0.4674670763776916, 0.0, -0.33015654838635144]
[-0.24668179105847984, 0.17490105395754915, 0.13927626893112285, -0.23232323232323226, 0.0, 0.5, -0.2643593797232914, 0.44241283844198576, 0.0, -0.3831500971396994]
[-0.20546206119128985, 0.1350617354339647, 0.12245676978892255, -0.21212121212121204, 0.0, 0.5, -0.18557034889049606, 0.4106853860556943, 0.0, -0.42376990738231984]
[-0.17096373155588085, 0.10174768453713359, 0.11255470920943433, -0.19191919191919182, 0.0, 0.5, -0.10504130308937143, 0.37439918649652354, 0.0, -0.44866740910193326]
[-0.14077123998374264, 0.0786509579901925, 0.10757850247143652, -0.1717171717171716, 0.0, 0.5, -0.025770785073285573, 0.33625493663916683, 0.0, -0.47959214675714507]
[-0.10964869616691182, 0.06486613098888623, 0.10580032406888011, -0.1515151515151515, 0.0, 0.5, 0.05409413990689116, 0.2947599706893363, 0.0, -0.501219300278746]
[-0.07215348457595212, 0.05925696062300424, 0.10703114340743643, -0.13131313131313127, 0.0, 0.5, 0.13322469347316718, 0.2514678235272362, 0.0, -0.5188068962378568]
[-0.029286974692843883, 0.05691556138333785, 0.11091178044883235, -0.11111111111111105, 0.0, 0.5, 0.20388994278291853, 0.2113101015766689, 0.0, -0.5504617003673936]
[0.010678557004401665, 0.053222526424834375, 0.11527449029819159, -0.09090909090909083, 0.0, 0.5, 0.2592810902420972, 0.1776887389435274, 0.0, -0.5916307358830185]
[0.04197781061386115, 0.04794414564817341, 0.11781836647370372, -0.07070707070707061, 0.0, 0.5, 0.2990844444289059, 0.15179390577964788, 0.0, -0.6525691495186836]
[0.04039676326022299, 0.03939467347233187, 0.11196716639784239, -0.050505050505050386, 0.0, 0.5, 0.29726902295940555, 0.14874368328470447, 0.0, -0.6795014119685735]
[0.019419310761755182, 0.026780501600431595, 0.10380415196983155, -0.030303030303030276, 0.0, 0.5, 0.2665874708739632, 0.16191631730061892, 0.0, -0.7066879962150455]
[0.02069523102732911, 0.01815589281037473, 0.10133486745992569, -0.010101010101010055, 0.0, 0.5, 0.26302591741028897, 0.16356440413066745, 0.0, -0.7570918182572349]
