[-1.0, 0.2940303616977271, 0.22880607233954528, -1.0, 0.0, 0.5, -1.0, 0.1, 0.0, 0.35558555463243857]
[-0.9838821744831487, 0.2970106416727426, 0.23210450155491227, -0.9797979797979798, 0.0, 0.5, -0.9812687357326267, 0.10695625394083971, 0.0, 0.35510594705632115]
[-0.9677328581932428, 0.2998210690456467, 0.23534717564631463, -0.9595959595959596, 0.0, 0.5, -0.9626856829225848, 0.11384732644116832, 0.0, 0.3545250249641685]
[-0.9514910163416762, 0.30247324082393634, 0.23853566339447488, -0.9393939393939394, 0.0, 0.5, -0.9442204998217156, 0.12068249056071678, 0.0, 0.35343639027656437]
[-0.9352413743950971, 0.3049627860136876, 0.24165891898996172, -0.9191919191919192, 0.0, 0.5, -0.9258988758167591, 0.12744184471980458, 0.0, 0.351706024379182]
[-0.9189279023948598, 0.30729666770672126, 0.2447134276132853, -0.898989898989899, 0.0, 0.5, -0.907692063853507, 0.13412307189664266, 0.0, 0.3495411612707052]
[-0.9025196846352352, 0.30948287891880283, 0.2476963158150554, -0.8787878787878788, 0.0, 0.5, -0.889579004870655, 0.14072543774923318, 0.0, 0.3469805924818067]
[-0.885968906035945, 0.3115330333944563, 0.2506060589669459, -0.8585858585858586, 0.0, 0.5, -0.8715290197439347, 0.14725250226470984, 0.0, 0.34401736003116656]
[-0.8693876138603973, 0.3134378301449092, 0.2534325801133276, -0.8383838383838383, 0.0, 0.5, -0.8535852400947568, 0.1536811015210747, 0.0, 0.34065673444475325]
[-0.8527760229242927, 0.315200662985674, 0.2561726367638756, -0.8181818181818181, 0.0, 0.5, -0.8357429249122529, 0.16000577334331595, 0.0, 0.33689051949298143]
[-0.836134447512864, 0.3168249127569608, 0.2588233067058057, -0.797979797979798, 0.0, 0.5, -0.8179974882530537, 0.16622097307967798, 0.0, 0.3326857951420372]
[-0.8194625462321328, 0.3183139323185373, 0.2613818519365054, -0.7777777777777778, 0.0, 0.5, -0.8003440238277102, 0.17232074885539078, 0.0, 0.3280347516310078]
[-0.8027363516352028, 0.31967519574027875, 0.2638468929091944, -0.7575757575757576, 0.0, 0.5, -0.7827647394288265, 0.178303515924788, 0.0, 0.3229509844841414]
[-0.7859347905710695, 0.32091653743206744, 0.26621719453195813, -0.7373737373737373, 0.0, 0.5, -0.7652419896118824, 0.1841678139356017, 0.0, 0.3174538274590165]
[-0.7691011296849226, 0.3220345413870252, 0.2684895460489998, -0.7171717171717171, 0.0, 0.5, -0.7477939862713139, 0.18990063444164676, 0.0, 0.31153378999177755]
[-0.7510585832775093, 0.32325868369400784, 0.270700597875471, -0.696969696969697, 0.0, 0.5, -0.7297185347675607, 0.19572128246568687, 0.0, 0.305130790544072]
[-0.7343796184331655, 0.3241067910978776, 0.27276520477017335, -0.6767676767676767, 0.0, 0.5, -0.7125211528121476, 0.20113789002895774, 0.0, 0.29817031088352436]
[-0.7176989684295133, 0.324832108032345, 0.2747294520045998, -0.6565656565656566, 0.0, 0.5, -0.6954094883746877, 0.20639686254511333, 0.0, 0.2909284330191149]
[-0.7009097519364816, 0.3254610807766025, 0.27659703697729415, -0.6363636363636364, 0.0, 0.5, -0.6783119810234008, 0.21151626961736075, 0.0, 0.2832557407165938]
[-0.6841652039390487, 0.32596548861411073, 0.2783651374314931, -0.6161616161616161, 0.0, 0.5, -0.6613204079614394, 0.21646222073311513, 0.0, 0.27536178153101576]
[-0.6672720412117255, 0.32639194098438995, 0.2800390124660235, -0.5959595959595959, 0.0, 0.5, -0.6443042383122977, 0.221269956332788, 0.0, 0.26688747932023843]
[-0.6503831138808291, 0.3267103037764339, 0.2816163776955487, -0.5757575757575757, 0.0, 0.5, -0.6273573078356536, 0.22590341803283218, 0.0, 0.25806104786718853]
[-0.6338926652162727, 0.3268280938120229, 0.2830975003138713, -0.5555555555555556, 0.0, 0.5, -0.6107526237876416, 0.2302861653219678, 0.0, 0.2486944353503936]
[-0.6175915875363713, 0.32678974905724417, 0.2844881378921015, -0.5353535353535352, 0.0, 0.5, -0.594354044858783, 0.23445061227544375, 0.0, 0.2387289667572182]
[-0.6013039989722275, 0.32663786651649823, 0.28579109795824104, -0.5151515151515151, 0.0, 0.5, -0.5780365405138576, 0.23842180282728456, 0.0, 0.22835814740139856]
[-0.5843378989580335, 0.3265612734371315, 0.287003643353559, -0.4949494949494949, 0.0, 0.5, -0.5612779460203676, 0.24231670401501865, 0.0, 0.21515418255112267]
[-0.5718322301472011, 0.3251247029554846, 0.28817819323493815, -0.4747474747474747, 0.0, 0.5, -0.5479733359497562, 0.2452242503225961, 0.0, 0.20301475723980525]
[-0.5522755190284356, 0.3255752997466873, 0.28916936011318356, -0.4545454545454545, 0.0, 0.5, -0.5293092988988927, 0.2490662535879977, 0.0, 0.1941036110045452]
[-0.5305847868215616, 0.3265840525352976, 0.29004653199592045, -0.43434343434343425, 0.0, 0.5, -0.5089220290789245, 0.253073954820608, 0.0, 0.18585407322233657]
[-0.5084895789474916, 0.3276484695514364, 0.29084717495935464, -0.41414141414141414, 0.0, 0.5, -0.4881405996196525, 0.2569813616135271, 0.0, 0.17774946731218838]
[-0.4863370192125504, 0.3286710523954978, 0.29158210684965913, -0.3939393939393939, 0.0, 0.5, -0.46723885689661193, 0.2607362640152548, 0.0, 0.16969424887833048]
[-0.4642186271256155, 0.32962987643324654, 0.29225667911604497, -0.3737373737373737, 0.0, 0.5, -0.44629291492307027, 0.2643251852430802, 0.0, 0.16182511313191866]
[-0.4478506318274856, 0.3290078130909739, 0.2929770852561693, -0.3535353535353535, 0.0, 0.5, -0.43006766133440916, 0.26697400105558633, 0.0, 0.15405206942323926]
[-0.42593298376206784, 0.32984593028951364, 0.2935370080741769, -0.33333333333333326, 0.0, 0.5, -0.4091925806032977, 0.2702155338318051, 0.0, 0.14635350241127384]
[-0.4041466971268876, 0.3306065730555097, 0.29404977846235125, -0.31313131313131304, 0.0, 0.5, -0.38836630585275767, 0.27328548221029364, 0.0, 0.1386939324364697]
[-0.3820966540666394, 0.33139615773996767, 0.2945109045094911, -0.2929292929292928, 0.0, 0.5, -0.3672540156231645, 0.276232549644712, 0.0, 0.13110426263619906]
[-0.3602493513055989, 0.33209523630632626, 0.2949325969194486, -0.2727272727272727, 0.0, 0.5, -0.3462566954792026, 0.2790012692462095, 0.0, 0.12355059867959978]
[-0.3383883079405987, 0.33276256452805936, 0.29531338249561984, -0.2525252525252525, 0.0, 0.5, -0.3251912301714807, 0.2816172443971887, 0.0, 0.11601436927535735]
[-0.3164639083657828, 0.33341188060418775, 0.29565503547006944, -0.23232323232323226, 0.0, 0.5, -0.30401564983252755, 0.28408499737760157, 0.0, 0.10850196187781494]
[-0.2946023129453967, 0.334014283523177, 0.2959624386767939, -0.21212121212121204, 0.0, 0.5, -0.2828423725831362, 0.28639139744269965, 0.0, 0.10098967894842972]
[-0.27271143273362286, 0.33459365360436033, 0.29623616411878334, -0.19191919191919182, 0.0, 0.5, -0.2615922943023916, 0.2885447616672066, 0.0, 0.09349883401276067]
[-0.2508752534991373, 0.3351321930833282, 0.29647994873055455, -0.1717171717171716, 0.0, 0.5, -0.240341994162686, 0.29053745005415105, 0.0, 0.08601104885585817]
[-0.2290242389594213, 0.33564746405019064, 0.29669451246696865, -0.1515151515151515, 0.0, 0.5, -0.2190315648832043, 0.2923749157931245, 0.0, 0.07854139114013867]
[-0.20720165973800753, 0.33613125182320563, 0.2968825147310286, -0.13131313131313127, 0.0, 0.5, -0.19770177545974418, 0.29405364042439125, 0.0, 0.07105888249350438]
[-0.18542961738494856, 0.33658046255427, 0.2970459365455542, -0.11111111111111105, 0.0, 0.5, -0.1763746895320964, 0.295571675214184, 0.0, 0.0635432083460868]
[-0.16359200598254586, 0.33702065337800063, 0.2971841399844503, -0.09090909090909083, 0.0, 0.5, -0.15494703025286477, 0.2969350929671652, 0.0, 0.056044312482937356]
[-0.14181024970828593, 0.33742749251841947, 0.29730065306084374, -0.07070707070707061, 0.0, 0.5, -0.13353082124143476, 0.29813660791196406, 0.0, 0.048536641709329885]
[-0.12008157654164332, 0.3378030939503911, 0.29739650357563074, -0.050505050505050386, 0.0, 0.5, -0.11212571633002656, 0.29917635642910284, 0.0, 0.04100085930673247]
[-0.09830670524136957, 0.3381677564640837, 0.2974708201160565, -0.030303030303030276, 0.0, 0.5, -0.09064297483867535, 0.30005766119006055, 0.0, 0.033444325827117434]
[-0.07657484844152351, 0.33850475736605046, 0.2975259076353967, -0.010101010101010055, 0.0, 0.5, -0.06916590971437046, 0.30077621507933555, 0.0, 0.025853636712786073]
[-0.05489900070699266, 0.33881269964169125, 0.297562470922124, 0.010101010101010166, 0.0, 0.5, -0.04770828851443725, 0.3013310962568035, 0.0, 0.018225915915078973]
